749 1458
15 1.50000000000000e-02 5.00000000000000e-02 1.50000000000000e-02
16 1.50000000000000e-02 0.00000000000000e+00 1.50000000000000e-02
212 1.65450849718747e-02 5.00000000000000e-02 1.47552825814758e-02
213 1.79389262614624e-02 5.00000000000000e-02 1.40450849718747e-02
214 1.90450849718747e-02 5.00000000000000e-02 1.29389262614624e-02
215 1.97552825814758e-02 5.00000000000000e-02 1.15450849718747e-02
216 2.00000000000000e-02 5.00000000000000e-02 1.00000000000000e-02
217 1.97552825814758e-02 5.00000000000000e-02 8.45491502812526e-03
218 1.90450849718747e-02 5.00000000000000e-02 7.06107373853763e-03
219 1.79389262614624e-02 5.00000000000000e-02 5.95491502812526e-03
220 1.65450849718747e-02 5.00000000000000e-02 5.24471741852423e-03
221 1.50000000000000e-02 5.00000000000000e-02 5.00000000000000e-03
222 1.34549150281253e-02 5.00000000000000e-02 5.24471741852423e-03
223 1.20610737385376e-02 5.00000000000000e-02 5.95491502812526e-03
224 1.09549150281253e-02 5.00000000000000e-02 7.06107373853763e-03
225 1.02447174185242e-02 5.00000000000000e-02 8.45491502812526e-03
226 1.00000000000000e-02 5.00000000000000e-02 1.00000000000000e-02
227 1.02447174185242e-02 5.00000000000000e-02 1.15450849718747e-02
228 1.09549150281253e-02 5.00000000000000e-02 1.29389262614624e-02
229 1.20610737385376e-02 5.00000000000000e-02 1.40450849718747e-02
230 1.34549150281253e-02 5.00000000000000e-02 1.47552825814758e-02
231 1.65450849718747e-02 0.00000000000000e+00 1.47552825814758e-02
232 1.79389262614624e-02 0.00000000000000e+00 1.40450849718747e-02
233 1.90450849718747e-02 0.00000000000000e+00 1.29389262614624e-02
234 1.97552825814758e-02 0.00000000000000e+00 1.15450849718747e-02
235 2.00000000000000e-02 0.00000000000000e+00 1.00000000000000e-02
236 1.97552825814758e-02 0.00000000000000e+00 8.45491502812526e-03
237 1.90450849718747e-02 0.00000000000000e+00 7.06107373853763e-03
238 1.79389262614624e-02 0.00000000000000e+00 5.95491502812526e-03
239 1.65450849718747e-02 0.00000000000000e+00 5.24471741852423e-03
240 1.50000000000000e-02 0.00000000000000e+00 5.00000000000000e-03
241 1.34549150281253e-02 0.00000000000000e+00 5.24471741852423e-03
242 1.20610737385376e-02 0.00000000000000e+00 5.95491502812526e-03
243 1.09549150281253e-02 0.00000000000000e+00 7.06107373853763e-03
244 1.02447174185242e-02 0.00000000000000e+00 8.45491502812526e-03
245 1.00000000000000e-02 0.00000000000000e+00 1.00000000000000e-02
246 1.02447174185242e-02 0.00000000000000e+00 1.15450849718747e-02
247 1.09549150281253e-02 0.00000000000000e+00 1.29389262614624e-02
248 1.20610737385376e-02 0.00000000000000e+00 1.40450849718747e-02
249 1.34549150281253e-02 0.00000000000000e+00 1.47552825814758e-02
250 1.50000000000000e-02 1.56250000000000e-03 1.50000000000000e-02
251 1.50000000000000e-02 3.12500000000000e-03 1.50000000000000e-02
252 1.50000000000000e-02 4.68750000000000e-03 1.50000000000000e-02
253 1.50000000000000e-02 6.25000000000000e-03 1.50000000000000e-02
254 1.50000000000000e-02 7.81250000000000e-03 1.50000000000000e-02
255 1.50000000000000e-02 9.37500000000000e-03 1.50000000000000e-02
256 1.50000000000000e-02 1.09375000000000e-02 1.50000000000000e-02
257 1.50000000000000e-02 1.25000000000000e-02 1.50000000000000e-02
258 1.50000000000000e-02 1.40625000000000e-02 1.50000000000000e-02
259 1.50000000000000e-02 1.56250000000000e-02 1.50000000000000e-02
260 1.50000000000000e-02 1.71875000000000e-02 1.50000000000000e-02
261 1.50000000000000e-02 1.87500000000000e-02 1.50000000000000e-02
262 1.50000000000000e-02 2.03125000000000e-02 1.50000000000000e-02
263 1.50000000000000e-02 2.18750000000000e-02 1.50000000000000e-02
264 1.50000000000000e-02 2.34375000000000e-02 1.50000000000000e-02
265 1.50000000000000e-02 2.50000000000000e-02 1.50000000000000e-02
266 1.50000000000000e-02 2.65625000000000e-02 1.50000000000000e-02
267 1.50000000000000e-02 2.81250000000000e-02 1.50000000000000e-02
268 1.50000000000000e-02 2.96875000000000e-02 1.50000000000000e-02
269 1.50000000000000e-02 3.12500000000000e-02 1.50000000000000e-02
270 1.50000000000000e-02 3.28125000000000e-02 1.50000000000000e-02
271 1.50000000000000e-02 3.43750000000000e-02 1.50000000000000e-02
272 1.50000000000000e-02 3.59375000000000e-02 1.50000000000000e-02
273 1.50000000000000e-02 3.75000000000000e-02 1.50000000000000e-02
274 1.50000000000000e-02 3.90625000000000e-02 1.50000000000000e-02
275 1.50000000000000e-02 4.06250000000000e-02 1.50000000000000e-02
276 1.50000000000000e-02 4.21875000000000e-02 1.50000000000000e-02
277 1.50000000000000e-02 4.37500000000000e-02 1.50000000000000e-02
278 1.50000000000000e-02 4.53125000000000e-02 1.50000000000000e-02
279 1.50000000000000e-02 4.68750000000000e-02 1.50000000000000e-02
280 1.50000000000000e-02 4.84375000000000e-02 1.50000000000000e-02
3153 1.36252749958835e-02 4.78279063386458e-02 1.48072997787799e-02
3154 1.36665605795944e-02 4.45359158922861e-02 1.48189147442249e-02
3155 1.36992625470370e-02 4.13796596686298e-02 1.48278444546670e-02
3156 1.36650736798527e-02 3.82735787420176e-02 1.48185030579816e-02
3157 1.36575968578864e-02 3.51549247027866e-02 1.48164254176768e-02
3158 1.36564672125210e-02 3.20309425011840e-02 1.48161104274060e-02
3159 1.36560813108108e-02 2.89060331023291e-02 1.48160027571470e-02
3160 1.36554110408143e-02 2.57807761720906e-02 1.48158156662019e-02
3161 1.36547298159346e-02 2.26553497185493e-02 1.48156254144051e-02
3162 1.36543420596915e-02 1.95292287746768e-02 1.48155170758377e-02
3163 1.36538761297119e-02 1.64021616459911e-02 1.48153868511098e-02
3164 1.36553672564238e-02 1.32784826351221e-02 1.48158034412653e-02
3165 1.36679478949048e-02 1.01687226306387e-02 1.48192984125608e-02
3166 1.36259762412869e-02 7.04773089081775e-03 1.48075002559014e-02
3167 1.35250402910675e-02 3.95707521074064e-03 1.47774987029853e-02
3168 1.28678088263093e-02 1.36099680163895e-03 1.45225834208819e-02
3169 1.05680060083398e-02 1.30636031083655e-03 1.23146121182366e-02
3170 1.00555362487837e-02 1.37317114326433e-03 9.25684576775216e-03
3171 1.14535864691555e-02 1.37665319392090e-03 6.47537930150731e-03
3172 1.42155068031780e-02 1.37365542318330e-03 5.06192644605814e-03
3173 1.72726086240745e-02 1.37904737582172e-03 5.54632174020369e-03
3174 1.94525755013727e-02 1.37924437069868e-03 7.72523157121965e-03
3175 1.99428896079823e-02 1.34609539785964e-03 1.07535531323672e-02
3176 1.85713102441040e-02 1.38338330417918e-03 1.34993918243543e-02
3177 1.63617664012284e-02 2.15549551940243e-03 1.48109866211085e-02
3178 1.63371932695474e-02 5.44867741924192e-03 1.48178744441794e-02
3179 1.63332689905554e-02 8.60013236266862e-03 1.48189619005366e-02
3180 1.63477104493061e-02 1.17141973926529e-02 1.48149430468938e-02
3181 1.63475505976294e-02 1.48387632322456e-02 1.48149877867788e-02
3182 1.63456206663963e-02 1.79661830459891e-02 1.48155274915805e-02
3183 1.63439961101967e-02 2.10927779512475e-02 1.48159811519332e-02
3184 1.63431448955669e-02 2.42183743646113e-02 1.48162186193644e-02
3185 1.63429161398229e-02 2.73431797822915e-02 1.48162824088090e-02
3186 1.63423854766666e-02 3.04672997933065e-02 1.48164303412418e-02
3187 1.63443835301676e-02 3.35932173655489e-02 1.48158730178249e-02
3188 1.63608955406369e-02 3.67253576301728e-02 1.48112330360807e-02
3189 1.64022904797034e-02 3.98638427846403e-02 1.47993313503584e-02
3190 1.64202513617638e-02 4.29879213944387e-02 1.47940469406763e-02
3191 1.63768197387372e-02 4.60694778311606e-02 1.48067002618245e-02
3192 1.70910054964792e-02 4.86409543526098e-02 1.45417723427858e-02
3193 1.94287418491201e-02 4.86271739686390e-02 1.23208286524110e-02
3194 1.99435912670683e-02 4.86259084182657e-02 9.25106383171488e-03
3195 1.85496384124272e-02 4.86290797715361e-02 6.47862709429673e-03
3196 1.57968946733084e-02 4.86414956737120e-02 5.06391259400194e-03
3197 1.27534259335745e-02 4.86572239991784e-02 5.53313253341179e-03
3198 1.05678328762214e-02 4.86693242020955e-02 7.68571942347172e-03
3199 1.00513636345473e-02 4.86565133801567e-02 1.07148413268128e-02
3200 1.14069128186107e-02 4.85814097162333e-02 1.34770281141998e-02
3201 1.35839601514631e-02 4.61656350341629e-02 1.47952926028925e-02
3202 1.37066046779284e-02 4.29446575828807e-02 1.48298166156536e-02
3203 1.36780957956242e-02 3.98273641615993e-02 1.48220917944864e-02
3204 1.36594486238444e-02 3.67159131161817e-02 1.48169411464006e-02
3205 1.36567867971849e-02 3.35932138633212e-02 1.48161995693475e-02
3206 1.36562961993233e-02 3.04685805799208e-02 1.48160627172045e-02
3207 1.36558409104754e-02 2.73434847540053e-02 1.48159356663112e-02
3208 1.36549997099812e-02 2.42180696930275e-02 1.48157008025675e-02
3209 1.36544651057309e-02 2.10922861489302e-02 1.48155514583799e-02
3210 1.36540749488515e-02 1.79655218678917e-02 1.48154424258515e-02
3211 1.36540059244695e-02 1.48390382084685e-02 1.48154231328760e-02
3212 1.36602960006971e-02 1.17219280692697e-02 1.48171768904880e-02
3213 1.36637991484023e-02 8.61206610797011e-03 1.48181497780984e-02
3214 1.35588884445610e-02 5.48665969139094e-03 1.47878176118959e-02
3215 1.36481030872834e-02 2.56224745972108e-03 1.48137692858494e-02
3216 1.15304378507372e-02 1.34806513543595e-03 1.36002970005825e-02
3217 1.00704150150973e-02 1.35838536248672e-03 1.08361769409770e-02
3218 1.05331001123375e-02 1.37748630324748e-03 7.75349039761662e-03
3219 1.27226250942024e-02 1.37501381229268e-03 5.54875707937172e-03
3220 1.57835490114696e-02 1.37473891038315e-03 5.06177653941977e-03
3221 1.85364955284731e-02 1.38186883090527e-03 6.46542797822847e-03
3222 1.99356882425335e-02 1.36575376959325e-03 9.20063677060021e-03
3223 1.94690491521888e-02 1.34799088480224e-03 1.22422309594063e-02
3224 1.74666477312501e-02 1.30992863357436e-03 1.43492124539874e-02
3225 1.63996227429804e-02 3.81543975470495e-03 1.48001100172113e-02
3226 1.63218054845890e-02 7.03762595373098e-03 1.48221188559502e-02
3227 1.63434455764211e-02 1.01557780076983e-02 1.48161347555062e-02
3228 1.63482653240918e-02 1.32751946248924e-02 1.48147877020541e-02
3229 1.63464436455732e-02 1.64028504901210e-02 1.48152974476449e-02
3230 1.63447307655310e-02 1.95297599757546e-02 1.48157760712303e-02
3231 1.63434655767778e-02 2.26557515556758e-02 1.48161291764251e-02
3232 1.63430283563628e-02 2.57809043063240e-02 1.48162511182459e-02
3233 1.63427186037370e-02 2.89053392498357e-02 1.48163374831067e-02
3234 1.63426092711960e-02 3.20299308314259e-02 1.48163679619500e-02
3235 1.63494975958585e-02 3.51582077687683e-02 1.48144424639591e-02
3236 1.63785902937679e-02 3.82940890632042e-02 1.48061927553864e-02
3237 1.64208315596418e-02 4.14292870794828e-02 1.47938750170531e-02
3238 1.63897238893274e-02 4.45350048952451e-02 1.48029852707907e-02
3239 1.62845861587794e-02 4.74542486977960e-02 1.48321670501621e-02
3240 1.84525450107515e-02 4.85953290517878e-02 1.36166189941346e-02
3241 1.99315973630227e-02 4.86240693136693e-02 1.08242253630094e-02
3242 1.94666309872954e-02 4.86271997953822e-02 7.75295580298632e-03
3243 1.72840773225803e-02 4.86343703995052e-02 5.55219258684973e-03
3244 1.42373844296552e-02 4.86491252920958e-02 5.05850048144617e-03
3245 1.14918839083805e-02 4.86650547719400e-02 6.43725927301459e-03
3246 1.00716988683615e-02 4.86680121656470e-02 9.15628917519665e-03
3247 1.05143481684708e-02 4.86247944227643e-02 1.22088294742463e-02
3248 1.25168122154407e-02 4.86663171294887e-02 1.43397901362411e-02
3249 1.23827151489766e-02 4.52861824349801e-02 1.42602605564218e-02
3250 1.09318841167631e-02 2.75465999084908e-03 7.09303712432446e-03
3251 1.24187775011243e-02 3.74946455740413e-02 1.42822062551094e-02
3252 1.25131957475545e-02 4.21181435615797e-02 1.43377188256062e-02
3253 1.24126758410293e-02 3.43736765755790e-02 1.42785223730170e-02
3254 1.75324413613928e-02 6.28277581407650e-03 1.43112342491573e-02
3255 1.24115464999041e-02 3.12496597232823e-02 1.42778392300134e-02
3256 1.02965821714585e-02 2.70137516925560e-03 1.16964258693376e-02
3257 1.24108797214676e-02 2.81245876201268e-02 1.42774357018303e-02
3258 1.76999924351579e-02 4.70834353961341e-02 1.42083299359829e-02
3259 1.24095260455817e-02 2.49990376412023e-02 1.42766160327390e-02
3260 1.24083402831738e-02 2.18725690796600e-02 1.42758975563243e-02
3261 1.24079008592511e-02 1.87443851843907e-02 1.42756311866821e-02
3262 1.24072620195872e-02 1.56138210445821e-02 1.42752438252017e-02
3263 1.24103666884516e-02 1.24924925768542e-02 1.42771251222894e-02
3264 1.24416461736635e-02 9.41475396650255e-03 1.42959080180178e-02
3265 1.23115196489248e-02 6.30751679416924e-03 1.42156937035181e-02
3266 1.21368017739701e-02 2.95658604570242e-03 1.40990359742821e-02
3267 1.34469589475992e-02 2.74615456944947e-03 5.24730986813174e-03
3268 1.24118413463482e-02 3.28119030201803e-02 1.42780176230968e-02
3269 1.09936757027646e-02 2.51477387847112e-03 1.29915490344270e-02
3270 1.75961677874230e-02 1.09256929865863e-02 1.42731619229263e-02
3271 1.20435311469186e-02 2.74997367134488e-03 5.96771876963432e-03
3272 1.65503455928857e-02 2.75314758675957e-03 5.24642991609255e-03
3273 1.90474853810127e-02 2.77047256366036e-03 7.06438045883181e-03
3274 1.99998369471987e-02 2.71833867484567e-03 9.95962053210903e-03
3275 1.90698088273083e-02 2.70081470475055e-03 1.29045922449052e-02
3276 1.78136644363917e-02 2.88605036159390e-03 1.41331939755333e-02
3277 1.75960259177776e-02 1.40493706105832e-02 1.42732481128794e-02
3278 1.24141966976052e-02 3.59354689272087e-02 1.42794417020593e-02
3279 1.75904736976205e-02 4.66745278443878e-03 1.42766161882891e-02
3280 1.75974655116273e-02 1.24851502811083e-02 1.42723732182368e-02
3281 1.75924929434142e-02 1.71815249030182e-02 1.42753924192228e-02
3282 1.75894748485420e-02 2.03104251999426e-02 1.42772210614800e-02
3283 1.75876381351055e-02 2.34368184800389e-02 1.42783324884525e-02
3284 1.75873344303784e-02 2.65617924590944e-02 1.42785161616358e-02
3285 1.75865721565343e-02 2.96847983421459e-02 1.42789770365172e-02
3286 1.75865979249251e-02 3.28082440105241e-02 1.42789614598373e-02
3287 1.76036785751282e-02 3.59387594084359e-02 1.42685896824851e-02
3288 1.76688727455766e-02 3.90881279164996e-02 1.42281341355163e-02
3289 1.77472126500755e-02 4.22447869061957e-02 1.41776575560073e-02
3290 1.76196937428641e-02 4.53496545161262e-02 1.42587797188395e-02
3291 1.97279355057995e-02 4.72463273346246e-02 1.16268453684970e-02
3292 1.89911200791135e-02 4.72811168013919e-02 1.30118035317891e-02
3293 1.25070509225783e-02 4.36781048747338e-02 1.43341902239498e-02
3294 1.21439744737362e-02 4.70591187448044e-02 1.41040368167609e-02
3295 1.97731840237982e-02 4.72579570659625e-02 8.51113658283976e-03
3296 1.79659353029763e-02 4.72630576083986e-02 5.97467668645627e-03
3297 1.50306679406606e-02 4.72894316305440e-02 5.00009405314304e-03
3298 1.21106806680579e-02 4.73200085776764e-02 5.91933414770756e-03
3299 1.02825862191529e-02 4.73386495253929e-02 8.34289191050376e-03
3300 1.01975488928062e-02 4.73020816882794e-02 1.13915686698876e-02
3301 1.24299112440794e-02 3.90491684958569e-02 1.42888977356298e-02
3302 1.24103279461949e-02 2.65619345469010e-02 1.42771016651163e-02
3303 1.24113184884493e-02 2.96872528990782e-02 1.42777012555525e-02
3304 1.24618221629090e-02 4.05885513909783e-02 1.43078594762713e-02
3305 1.02254125193032e-02 2.75112222613676e-03 8.51564344270875e-03
3306 1.75856690061961e-02 9.37516381369688e-03 1.42795228461123e-02
3307 1.75587268352661e-02 7.83203124012359e-03 1.42956858570535e-02
3308 1.24087315620879e-02 2.34358259072460e-02 1.42761346894924e-02
3309 1.24082292071742e-02 2.03091152915663e-02 1.42758302301957e-02
3310 1.24075988540905e-02 1.71797425665294e-02 1.42754480816269e-02
3311 1.24071304170372e-02 1.40504906696342e-02 1.42751640115610e-02
3312 1.24214576688521e-02 1.09465784054886e-02 1.42838206599341e-02
3313 1.24194986086277e-02 7.87028757983186e-03 1.42826408405475e-02
3314 1.21507839917248e-02 4.69881349024117e-03 1.41087672285234e-02
3315 1.79451673425617e-02 2.76332707528321e-03 5.95945680331124e-03
3316 1.00011664026490e-02 2.73468471115745e-03 1.01079938238718e-02
3317 1.50001354968357e-02 2.74628313001725e-03 5.00000000183594e-03
3318 1.97517923422025e-02 2.75933240099443e-03 8.44421417393458e-03
3319 1.97757186596338e-02 2.66527931041141e-03 1.14807130998359e-02
3320 1.75873304076866e-02 2.49994832114490e-02 1.42785185942637e-02
3321 1.75883559323086e-02 2.18737840502311e-02 1.42778982652329e-02
3322 1.75909712071786e-02 1.87459919316654e-02 1.42763147923851e-02
3323 1.75940206294087e-02 1.56163696994647e-02 1.42744656945871e-02
3324 1.75871003677051e-02 2.81234634717846e-02 1.42786576969209e-02
3325 1.75858679206870e-02 3.12460866034884e-02 1.42794026565354e-02
3326 1.75910081279792e-02 3.43721611011983e-02 1.42762924222679e-02
3327 1.76293119899355e-02 3.75108326943192e-02 1.42528482761064e-02
3328 1.77155008993358e-02 4.06675062595714e-02 1.41983395367343e-02
3329 1.77172194650451e-02 4.38043266895587e-02 1.41972274633120e-02
3330 1.99994327909961e-02 4.72514487852601e-02 1.00753111433550e-02
3331 1.90720088406177e-02 4.72547684305072e-02 7.09849280512152e-03
3332 1.65696150244887e-02 4.72750939313485e-02 5.25275778215399e-03
3333 1.34926874503805e-02 4.73039388033974e-02 5.23260984628282e-03
3334 1.10074673324288e-02 4.73336620528984e-02 6.99006928678142e-03
3335 1.00020747845207e-02 4.73317143082600e-02 9.85597382017047e-03
3336 1.08833918135158e-02 4.72185457260129e-02 1.28378754445838e-02
3337 1.13559666668375e-02 2.73430870591510e-02 1.34235976788754e-02
3338 1.13570429014102e-02 3.04685245166535e-02 1.34247428484244e-02
3339 1.87691446784798e-02 4.46644651852286e-02 1.32853536176015e-02
3340 1.94628318469062e-02 4.17478564852145e-03 7.74541979378877e-03
3341 1.13530238686117e-02 2.26529531035181e-02 1.34204627021916e-02
3342 1.13527895253708e-02 1.95234949471952e-02 1.34202128228745e-02
3343 1.13526728248793e-02 1.63883469021912e-02 1.34200883727801e-02
3344 1.13514033349624e-02 1.32521933993971e-02 1.34187340311695e-02
3345 1.13747228224701e-02 1.01709985206743e-02 1.34434525386711e-02
3346 1.13601096999027e-02 7.19741362037893e-03 1.34280021299961e-02
3347 1.13576719366372e-02 3.35924315029739e-02 1.34254118407630e-02
3348 1.95247351137203e-02 3.91944337352564e-03 1.21276212422954e-02
3349 1.94959425716461e-02 4.58773045231764e-02 7.81219278900994e-03
3350 1.08616740579223e-02 4.04403998505932e-03 1.28061109024996e-02
3351 1.27131744445695e-02 4.12051143280058e-03 5.55360495693086e-03
3352 1.14777585331353e-02 4.43111793378616e-02 1.35487765566599e-02
3353 1.01026415630147e-02 4.07173605285042e-03 1.10079088945382e-02
3354 1.00992312165207e-02 4.60069006829978e-02 9.00880610833447e-03
3355 1.11496686921626e-02 5.69075305788842e-03 1.31898195591424e-02
3356 1.85485966552990e-02 4.16206003578528e-03 6.47757728573062e-03
3357 1.87070336649788e-02 3.82891055865294e-02 1.33552796316721e-02
3358 1.13620926022730e-02 3.67165623231172e-02 1.34301063781701e-02
3359 1.86755478297986e-02 4.08339097854861e-03 1.33897416053238e-02
3360 1.13592312360345e-02 3.51540585232627e-02 1.34270691278895e-02
3361 1.99485573525351e-02 4.04285831136533e-03 1.07153880965398e-02
3362 1.86412858734673e-02 2.57807165030924e-02 1.34265196902525e-02
3363 1.86503017065921e-02 1.48245444910487e-02 1.34169134391803e-02
3364 1.86411866748773e-02 2.42181329919606e-02 1.34266251033190e-02
3365 1.72822653969510e-02 4.14163554125899e-03 5.55126257710347e-03
3366 1.86529566041906e-02 1.32531894478397e-02 1.34140749915461e-02
3367 1.14398670184370e-02 4.13481216211500e-02 1.35107624746752e-02
3368 1.04059548928838e-02 4.59489976412716e-02 1.19735119847069e-02
3369 1.86357392251491e-02 8.58690596433350e-03 1.34324044468436e-02
3370 1.86447888288393e-02 1.95266541087024e-02 1.34227933611552e-02
3371 1.86468115539083e-02 1.79610991548797e-02 1.34206381700321e-02
3372 1.00260725339379e-02 4.59911582217657e-02 1.05099466269648e-02
3373 1.86409950441661e-02 2.89025584899036e-02 1.34268287217715e-02
3374 1.86385697371289e-02 3.20213385595660e-02 1.34294037773423e-02
3375 1.86477226060903e-02 3.51440252221538e-02 1.34196666195724e-02
3376 1.86681289536439e-02 3.67119793534115e-02 1.33977683822532e-02
3377 1.57881666556252e-02 4.12489579525987e-03 5.06251143566280e-03
3378 1.88396706432104e-02 4.14902433540145e-02 1.32026441187975e-02
3379 1.99152594633166e-02 4.58574491631830e-02 1.09166375555676e-02
3380 1.14372415640586e-02 4.12888829974305e-03 6.49190189317222e-03
3381 1.15363706647681e-02 4.28149346493932e-02 1.36060049678448e-02
3382 1.86559824470482e-02 1.16855936171332e-02 1.34108345528442e-02
3383 1.88725258071326e-02 4.31059705366754e-02 1.31628379460687e-02
3384 1.13538211434362e-02 2.42167952121635e-02 1.34213125764751e-02
3385 1.12361076304895e-02 4.57745836009233e-02 1.32913696587804e-02
3386 1.73076981152578e-02 4.59031544429386e-02 5.56440202353331e-03
3387 1.42652276624990e-02 4.59437427153552e-02 5.05428371092283e-03
3388 1.15444566217932e-02 4.59898452627726e-02 6.38624572482697e-03
3389 1.06203400934463e-02 4.60068431981582e-02 7.58782689200663e-03
3390 1.13549034189021e-02 2.57800798147455e-02 1.34224656191799e-02
3391 1.13566645821788e-02 2.89058693356936e-02 1.34243403792920e-02
3392 1.05115561686349e-02 4.14018071081646e-03 7.79684953471611e-03
3393 1.13677886208752e-02 3.82791697836427e-02 1.34361374386593e-02
3394 1.86552833547404e-02 1.01268595983691e-02 1.34115837372924e-02
3395 1.94019376743353e-02 4.58471693729169e-02 1.23712749126299e-02
3396 1.86418208082809e-02 2.26551193779519e-02 1.34259511380597e-02
3397 1.13571830410770e-02 3.20307380058328e-02 1.34248919112554e-02
3398 1.86486120441768e-02 1.63943019942903e-02 1.34187176179217e-02
3399 1.99529552626545e-02 4.59078104629219e-02 9.31572361859902e-03
3400 1.85872216725585e-02 7.08323754923137e-03 1.34830791940361e-02
3401 1.00446358663843e-02 4.11646129574358e-03 9.33339194178636e-03
3402 1.13526782519667e-02 2.10882537018154e-02 1.34200941604469e-02
3403 1.13527210854562e-02 1.79576098350102e-02 1.34201398391768e-02
3404 1.13521946084988e-02 1.48200654097021e-02 1.34195783110984e-02
3405 1.13546371385943e-02 1.16967395017401e-02 1.34221819952604e-02
3406 1.14233932269491e-02 8.69631605555642e-03 1.34939782470654e-02
3407 1.42130719181040e-02 4.11970080981142e-03 5.06231388260418e-03
3408 1.87693051918165e-02 3.98814065835531e-02 1.32851694584823e-02
3409 1.99374460058787e-02 4.14786360811506e-03 9.21156678213512e-03
3410 1.86415096501359e-02 2.73424642193484e-02 1.34262818722293e-02
3411 1.85621119141010e-02 4.60519013950831e-02 1.35087545812467e-02
3412 1.85306996475925e-02 5.60272599959562e-03 1.35403615632433e-02
3413 1.13842954327307e-02 3.98325273775653e-02 1.34535026396729e-02
3414 1.86430512068391e-02 2.10915924260994e-02 1.34246427411261e-02
3415 1.86400128298730e-02 3.04627587666936e-02 1.34278720218760e-02
3416 1.86398945410546e-02 3.35824486039229e-02 1.34279976268955e-02
3417 1.85781712485722e-02 4.58857459503148e-02 6.50762394409030e-03
3418 1.58159834228706e-02 4.59220295870315e-02 5.06703222657999e-03
3419 1.27933632263387e-02 4.59654615118288e-02 5.51326910221645e-03
3420 1.35233012525633e-02 4.46041962274131e-02 5.22303853801197e-03
3421 1.94271308417585e-02 2.49996404431637e-02 1.23239002796915e-02
3422 1.94233962865527e-02 3.27899681289338e-02 1.23310009206587e-02
3423 1.91122247238872e-02 4.45017989510472e-02 7.15577641169853e-03
3424 1.95782877342085e-02 4.06612864793932e-02 1.20097963635145e-02
3425 1.06247181149514e-02 4.46281710973996e-02 1.24201050444899e-02
3426 1.50025429022252e-02 5.49904384287155e-03 5.00000064663521e-03
3427 1.07058259160903e-02 8.04353578612656e-03 1.25612631526414e-02
3428 1.05661828772059e-02 2.03016892587807e-02 1.23111178510880e-02
3429 1.05668857724810e-02 1.71635931084928e-02 1.23124658366706e-02
3430 1.05672653288289e-02 1.40131605339469e-02 1.23131933198498e-02
3431 1.05660451763776e-02 1.08671129726221e-02 1.23108536565684e-02
3432 1.99997191901963e-02 5.54225490867432e-03 1.00529907462037e-02
3433 1.94299659314793e-02 2.03081509746785e-02 1.23184912865767e-02
3434 1.05715378774418e-02 3.43719753495750e-02 1.23213623648770e-02
3435 1.05659689541555e-02 2.18674927925166e-02 1.23107073991501e-02
3436 1.99983854102956e-02 4.46512649902721e-02 1.01270562479550e-02
3437 1.90679557648505e-02 5.57952594273801e-03 7.09281306152847e-03
3438 1.05706933794224e-02 2.96875893253454e-02 1.23197506031700e-02
3439 1.03287242797267e-02 5.38993491013103e-03 1.17830264005855e-02
3440 1.92405956853840e-02 5.04161562715936e-03 1.26490277901718e-02
3441 1.94460537332866e-02 9.29404162162463e-03 1.22874890602423e-02
3442 1.97729275926415e-02 5.29018606138885e-03 1.14896852672299e-02
3443 1.97769456165109e-02 5.62633346224877e-03 8.52324999512541e-03
3444 1.79610550518474e-02 5.54981283369280e-03 5.97108538438340e-03
3445 1.05965651028089e-02 4.06610345206854e-02 1.23684934254078e-02
3446 1.94360952339438e-02 1.40247557898230e-02 1.23067420912146e-02
3447 1.00022031253105e-02 5.45011816175256e-03 1.01484129352305e-02
3448 1.01216908983645e-02 4.46453701959356e-02 1.10964033513723e-02
3449 1.94272889207115e-02 2.96791045068928e-02 1.23235991075367e-02
3450 1.94349148750690e-02 3.59024489402586e-02 1.23090106216498e-02
3451 1.65602705134589e-02 5.51679059917675e-03 5.24967833459346e-03
3452 1.34424099096957e-02 5.49377501996269e-03 5.24879877182773e-03
3453 1.06807053270014e-02 4.21568356707615e-02 1.25186689992545e-02
3454 1.94392445564859e-02 1.24438454680599e-02 1.23006755024798e-02
3455 1.65835133700398e-02 4.45501940484851e-02 5.25737568355817e-03
3456 1.96868929311518e-02 4.41793434160302e-02 1.17415609813956e-02
3457 1.05664690798366e-02 2.34332740343243e-02 1.23116668401728e-02
3458 1.08473230494657e-02 4.34439386274504e-02 1.27848292846243e-02
3459 1.00119993476142e-02 4.46650515081777e-02 9.65380714652313e-03
3460 1.79889937447027e-02 4.45258066925161e-02 5.99176891956964e-03
3461 1.50410197716481e-02 4.45752811619658e-02 5.00016826499792e-03
3462 1.10656769447055e-02 4.46703839442880e-02 6.91437168528381e-03
3463 1.05675054355332e-02 2.49976237341928e-02 1.23136533742055e-02
3464 1.05739236318283e-02 3.59338082229959e-02 1.23259079911106e-02
3465 1.09180626697472e-02 5.51923523696539e-03 7.11247724997903e-03
3466 1.94280863832822e-02 2.81217264731030e-02 1.23220790215216e-02
3467 1.05778755208661e-02 3.75001148827969e-02 1.23334127562532e-02
3468 1.94452225920243e-02 1.08659784108704e-02 1.22891037781972e-02
3469 1.94272989162180e-02 2.34368364107517e-02 1.23235800624156e-02
3470 1.94255525981414e-02 3.12364056528166e-02 1.23269044245701e-02
3471 1.05706843671615e-02 3.12500736397485e-02 1.23197333951754e-02
3472 1.03306961665823e-02 4.46849834095131e-02 8.21181608573659e-03
3473 1.94339419214035e-02 1.71726693806654e-02 1.23108784125567e-02
3474 1.02084693470749e-02 5.55269067143775e-03 8.57128239246533e-03
3475 1.98116786297938e-02 4.44896097206272e-02 8.64068077200904e-03
3476 1.20363272479263e-02 5.50225371181749e-03 5.97301057629697e-03
3477 1.05920902048696e-02 9.35726577462079e-03 1.23601549182190e-02
3478 1.94282982111073e-02 2.18732843137350e-02 1.23216750318474e-02
3479 1.94319439961909e-02 1.87423644955992e-02 1.23147078464954e-02
3480 1.94200222568887e-02 7.76486990850894e-03 1.23373924036430e-02
3481 1.05688517490732e-02 2.65612066917581e-02 1.23162308128311e-02
3482 1.95057485464029e-02 3.90467088808449e-02 1.21675400888077e-02
3483 1.05706009827408e-02 3.28113795556882e-02 1.23195741733998e-02
3484 1.05663910568250e-02 1.87346768709154e-02 1.23115171941819e-02
3485 1.05677838764019e-02 1.55896549756673e-02 1.23141867326810e-02
3486 1.05639264226165e-02 1.24333883604806e-02 1.23067837384635e-02
3487 1.96623858680125e-02 4.23447402374523e-02 1.18061445174064e-02
3488 1.94252518779997e-02 3.43469009341505e-02 1.23274762761971e-02
3489 1.05257162814947e-02 6.79730915583553e-03 1.22317672831902e-02
3490 1.94277715035318e-02 2.65617236070109e-02 1.23226793822032e-02
3491 1.94354487992289e-02 1.55988542157023e-02 1.23079848243476e-02
3492 1.93439653404932e-02 6.32059286391699e-03 1.24758766367882e-02
3493 1.05853844862187e-02 3.90747269791312e-02 1.23475880953613e-02
3494 1.21576378784311e-02 4.46358926001830e-02 5.88648841379164e-03
3495 1.94591714776715e-02 3.74645561704866e-02 1.22618111620383e-02
3496 1.05699539809242e-02 2.81243306616718e-02 1.23183382559219e-02
3497 1.01069878308551e-02 2.10787874148748e-02 1.10288012016903e-02
3498 1.14335893804822e-02 6.90026119774804e-03 6.49561484808097e-03
3499 1.99100069742094e-02 3.81745644473427e-02 1.09443683143853e-02
3500 1.98844840934380e-02 3.35465107284696e-02 1.10685575047472e-02
3501 1.98738199916981e-02 6.78401606947618e-03 1.11161893605136e-02
3502 1.57933245024114e-02 6.89076145271948e-03 5.06333754102292e-03
3503 1.98931067129899e-02 1.63766308572672e-02 1.10283514454180e-02
3504 1.01076046990652e-02 1.79347725670117e-02 1.10317306913101e-02
3505 1.01102879479874e-02 1.47830923238795e-02 1.10443735195812e-02
3506 1.99991482136954e-02 4.30726936169549e-02 9.90771166104822e-03
3507 1.99727912979142e-02 7.25396970165637e-03 9.47909049980970e-03
3508 1.01093025286515e-02 2.73425090763139e-02 1.10397491253881e-02
3509 1.01052388772695e-02 9.93148763228968e-03 1.10204477210550e-02
3510 1.01177330413895e-02 3.82788351720766e-02 1.10786423618882e-02
3511 1.01102202680028e-02 2.89066674796545e-02 1.10440565945147e-02
3512 1.98883784250490e-02 3.04511957223095e-02 1.10505981027563e-02
3513 1.99024319743089e-02 1.00095919511156e-02 1.09829347573839e-02
3514 1.01236584313211e-02 3.98841890222372e-02 1.11051212175928e-02
3515 1.85638633411986e-02 6.98351086940460e-03 6.49302436774072e-03
3516 1.98883037180355e-02 2.57808280746272e-02 1.10509456504694e-02
3517 1.00268603555596e-02 7.12882997427581e-03 9.48242674248430e-03
3518 1.01098387691498e-02 3.35910996929348e-02 1.10422682650303e-02
3519 1.58065893814165e-02 4.32028832388415e-02 5.06548750434390e-03
3520 1.28205219968150e-02 4.32712771878521e-02 5.50001381850647e-03
3521 1.98893253708851e-02 2.88983134053078e-02 1.10461823061107e-02
3522 1.01068898072236e-02 2.26467375064770e-02 1.10283348877420e-02
3523 1.94817997180155e-02 7.01621728553468e-03 7.78336487269639e-03
3524 1.00088213560705e-02 4.32821150713984e-02 1.02968766484284e-02
3525 1.98937144300427e-02 3.66312631250945e-02 1.10254555461802e-02
3526 1.72958984780329e-02 6.93468848464979e-03 5.55828296955261e-03
3527 1.42112691230455e-02 6.87008667152666e-03 5.06260153484260e-03
3528 1.01133564173456e-02 4.16907988541869e-02 1.10586380382842e-02
3529 1.02822316095913e-02 4.32996479806834e-02 1.16560982502439e-02
3530 1.98925538662328e-02 1.32110994623952e-02 1.10309784992958e-02
3531 1.00894719151270e-02 6.60622295353844e-03 1.09416548877768e-02
3532 1.98935471005731e-02 1.47935383082353e-02 1.10262537573488e-02
3533 1.98861174712492e-02 3.50933830390858e-02 1.10610636442522e-02
3534 1.01073387525862e-02 2.42137783820908e-02 1.10304687855801e-02
3535 1.73020056756743e-02 4.31729598089929e-02 5.56144506971433e-03
3536 1.42661863668425e-02 4.32342247083283e-02 5.05414137365490e-03
3537 1.01085620409782e-02 1.63605430493810e-02 1.10362599543748e-02
3538 1.01109680327074e-02 3.51491238641715e-02 1.10475525871244e-02
3539 1.98890859846066e-02 2.73413189341082e-02 1.10473004512188e-02
3540 1.01134178628890e-02 3.67098914624567e-02 1.10589216294266e-02
3541 1.98959960871652e-02 1.16156714787808e-02 1.10145059459971e-02
3542 1.98879496834812e-02 2.42188596766843e-02 1.10525910372769e-02
3543 1.98893369811729e-02 2.10909185879873e-02 1.10461280440439e-02
3544 1.98864238411577e-02 3.20027499529102e-02 1.10596518506406e-02
3545 1.01103884738894e-02 3.04700962855504e-02 1.10448440667041e-02
3546 1.05130780355116e-02 6.91275896131646e-03 7.79375176269958e-03
3547 1.95546691315119e-02 4.31139532709274e-02 7.93723750701806e-03
3548 1.27090808949389e-02 6.87898081283029e-03 5.55571269447327e-03
3549 1.98883326530637e-02 2.26556893978353e-02 1.10508110548481e-02
3550 1.99810099790040e-02 4.13491056478184e-02 1.04353614464583e-02
3551 1.98907535209399e-02 1.95243429397468e-02 1.10394854483895e-02
3552 1.99061039872045e-02 8.38103788777603e-03 1.09644395609556e-02
3553 1.01082773249119e-02 2.57787821915221e-02 1.10349151028121e-02
3554 1.99410994827272e-02 3.97406016154594e-02 1.07652031768052e-02
3555 1.85983127984686e-02 4.31470503199690e-02 6.52838006049383e-03
3556 1.01044460246391e-02 1.15721294185278e-02 1.10166372383147e-02
3557 1.98920535859339e-02 1.79541494362945e-02 1.10333497531579e-02
3558 1.01073353077161e-02 1.95097316166893e-02 1.10304524292165e-02
3559 1.01348106701238e-02 8.15709029209672e-03 1.11532271174658e-02
3560 1.06794337409025e-02 4.33726451795916e-02 7.48351292458159e-03
3561 1.15928299390480e-02 4.33175488504085e-02 6.34060221132599e-03
3562 1.01099569535558e-02 3.20318920126255e-02 1.10428226138335e-02
3563 1.01097729367435e-02 1.31870981585448e-02 1.10419593417184e-02
3564 1.01353863804090e-02 4.33662649629148e-02 8.84434679419385e-03
3565 1.00088882924975e-02 1.23550378698683e-02 9.70200012880578e-03
3566 1.00102560531363e-02 2.65605401604596e-02 9.67991353552925e-03
3567 1.00094880232070e-02 3.12539711627763e-02 9.69211981309931e-03
3568 1.20320248960944e-02 8.28522365441481e-03 5.97618044855431e-03
3569 1.99863574734045e-02 1.07686881497243e-02 9.63089412437238e-03
3570 1.99932866299894e-02 3.42855234751927e-02 9.74098526920515e-03
3571 1.00134182246996e-02 9.00211134588789e-03 9.63393689308753e-03
3572 1.99889818921767e-02 1.55683771228373e-02 9.66824756288386e-03
3573 1.99887055963514e-02 3.73167474024355e-02 9.66411836469980e-03
3574 1.99911827610942e-02 3.12186937791503e-02 9.70319257867114e-03
3575 1.99910647279777e-02 2.18756293166511e-02 9.70121432240400e-03
3576 1.79493455820779e-02 4.17853109345941e-02 5.96250564861354e-03
3577 1.99904759367330e-02 2.96703517557693e-02 9.69153618544704e-03
3578 1.65631507006065e-02 8.30364967010086e-03 5.25062531619230e-03
3579 1.99891051873563e-02 1.39693521458362e-02 9.67010694233663e-03
3580 1.00110909008104e-02 2.18566391418040e-02 9.66715469055007e-03
3581 1.97253391216569e-02 8.37992535177787e-03 8.36562850448889e-03
3582 1.00099303669300e-02 3.28139329637060e-02 9.68503165696828e-03
3583 1.49944049297105e-02 8.25280137404297e-03 5.00000313048213e-03
3584 1.00033838376675e-02 4.05445906636507e-02 9.81607902153935e-03
3585 1.00105227315350e-02 1.71238793903474e-02 9.67578311661628e-03
3586 1.90878256831220e-02 4.17747425761066e-02 7.12081935537072e-03
3587 1.99923475431899e-02 3.27567468955490e-02 9.72347512226540e-03
3588 1.99924279799650e-02 3.58133394274786e-02 9.72493116341100e-03
3589 1.00111603283561e-02 2.34265720973904e-02 9.66611569274309e-03
3590 1.99898109114521e-02 1.87397701755873e-02 9.68095914375443e-03
3591 1.35042539805759e-02 4.19004392212668e-02 5.22896826196085e-03
3592 1.00096163995129e-02 2.81257783805381e-02 9.69004593890492e-03
3593 1.99909549223378e-02 2.65607209397168e-02 9.69938569030715e-03
3594 1.00099132339420e-02 3.43692508893204e-02 9.68530321385016e-03
3595 1.11029666838502e-02 4.20161042251973e-02 6.86740820839699e-03
3596 1.21641662547262e-02 4.19437798558152e-02 5.88198506933667e-03
3597 1.99904929492252e-02 2.81172907073526e-02 9.69181154510060e-03
3598 1.00079441076195e-02 1.39683868576873e-02 9.71825904211582e-03
3599 1.00090152100401e-02 3.59217517011133e-02 9.69988197923296e-03
3600 1.99911639642435e-02 1.23902873651580e-02 9.70287665517999e-03
3601 1.99913673548132e-02 2.50005826792554e-02 9.70631321223979e-03
3602 1.02693651646604e-02 8.24638704099016e-03 8.38102067503288e-03
3603 1.00092935708638e-02 2.96907203868789e-02 9.69528810627321e-03
3604 1.09310961406068e-02 8.32384155678465e-03 7.09414016459581e-03
3605 1.00078268338507e-02 3.74765649342851e-02 9.72034471365839e-03
3606 1.90683647269931e-02 8.46562563645457e-03 7.09338539738087e-03
3607 1.99914074957958e-02 2.34386571759589e-02 9.70699622713505e-03
3608 1.00106783021275e-02 1.87054495082606e-02 9.67339780291844e-03
3609 1.99904383316226e-02 2.03107390259960e-02 9.69092839296972e-03
3610 1.99824675346017e-02 9.14834128088474e-03 9.58164934965937e-03
3611 1.50065096984366e-02 4.18626658961729e-02 5.00000423761917e-03
3612 1.00108124125892e-02 2.49953571154382e-02 9.67135548441250e-03
3613 1.00155412650360e-02 1.06880615262028e-02 9.60608234433954e-03
3614 1.00256374954767e-02 4.20341312187832e-02 9.49431464961619e-03
3615 1.03867567396944e-02 4.21287529089317e-02 8.07179186257166e-03
3616 1.98262223032400e-02 4.17114959520697e-02 8.69325661290806e-03
3617 1.99892995243106e-02 1.71586375511229e-02 9.67305924586604e-03
3618 1.34326947714703e-02 8.25442682280220e-03 5.25199470086399e-03
3619 1.65387451658839e-02 4.18236305810835e-02 5.24266216099078e-03
3620 1.79742990159897e-02 8.40171514831947e-03 5.98085265715691e-03
3621 1.00096859499821e-02 1.55436822918103e-02 9.68892817197015e-03
3622 1.00109416930448e-02 2.02802451760572e-02 9.66939871476203e-03
3623 1.00055464557670e-02 3.90187172676627e-02 9.76455617549351e-03
3624 1.99809421130481e-02 3.87946062939382e-02 9.56386278940640e-03
3625 1.99434676782122e-02 4.02787468497277e-02 9.25024849818701e-03
3626 1.97553346963080e-02 3.50041540908791e-02 8.45507543029147e-03
3627 1.02720220321790e-02 1.47110572850100e-02 8.37327803979931e-03
3628 1.97642142831573e-02 1.16032668767633e-02 8.48267924809550e-03
3629 1.57206221414548e-02 4.04857018920442e-02 5.05220213334810e-03
3630 1.72047069280340e-02 4.04282187495590e-02 5.51232049256203e-03
3631 1.04102267890361e-02 9.82808460823125e-03 8.01657319975808e-03
3632 1.41864495776573e-02 9.61830509631138e-03 5.06663038985462e-03
3633 1.02831208671593e-02 3.35975832972868e-02 8.34137067246127e-03
3634 1.02848463541902e-02 1.94653491443368e-02 8.33647179272301e-03
3635 1.02787634462995e-02 2.73466423649187e-02 8.35381489376127e-03
3636 1.97207139925122e-02 2.88912218397720e-02 8.35231695981922e-03
3637 1.85029106629860e-02 4.03682555207318e-02 6.43214113407793e-03
3638 1.02632827744283e-02 3.82549671461333e-02 8.39890352415205e-03
3639 1.97140201046385e-02 1.47324719490495e-02 8.33326233225990e-03
3640 1.97173769834259e-02 1.79542499494170e-02 8.34278716024666e-03
3641 1.02827749946168e-02 1.62860289850682e-02 8.34235460710454e-03
3642 1.72866620055867e-02 9.76996076802697e-03 5.55352084540967e-03
3643 1.97154085070434e-02 1.63565496091954e-02 8.33719435540334e-03
3644 1.97448202239556e-02 3.35008471902192e-02 8.42307861884549e-03
3645 1.97249660258683e-02 2.73359928984720e-02 8.36455019814405e-03
3646 1.02893908146586e-02 2.26336478087955e-02 8.32364648627514e-03
3647 1.97319274457449e-02 3.19747938464515e-02 8.38480259775888e-03
3648 1.27005770158225e-02 9.66384433142632e-03 5.56010653958497e-03
3649 1.02353646579858e-02 3.97297205989465e-02 8.48400195988606e-03
3650 1.02727873429490e-02 3.04772549526865e-02 8.37105540455881e-03
3651 1.94398873324863e-02 4.04359362440199e-02 7.70056518360970e-03
3652 1.02734335243948e-02 2.89123304292370e-02 8.36918138602569e-03
3653 1.97319279762596e-02 2.26616274254370e-02 8.38480415197042e-03
3654 1.02806009829048e-02 3.51463805800276e-02 8.34855429473422e-03
3655 1.97146670274269e-02 1.30945739932376e-02 8.33509314960471e-03
3656 1.97305900655567e-02 2.57796306565187e-02 8.38088986425980e-03
3657 1.02872682946871e-02 2.10523817176435e-02 8.32962283488477e-03
3658 1.14173431069935e-02 9.71951101748272e-03 6.51222569723997e-03
3659 1.02676196891863e-02 3.66936626215478e-02 8.38612993279423e-03
3660 1.95893753211015e-02 1.00143784597494e-02 8.01565271132689e-03
3661 1.97335937956341e-02 2.42207931054194e-02 8.38969264488582e-03
3662 1.02830090018560e-02 1.78805973743799e-02 8.34168883395535e-03
3663 1.97267947093955e-02 2.11010380806525e-02 8.36984302129194e-03
3664 1.02889696023223e-02 2.42093248609940e-02 8.32483057807388e-03
3665 1.97226638373768e-02 3.04389563586082e-02 8.35791404636264e-03
3666 1.02733625583234e-02 1.15620435705568e-02 8.36938707997856e-03
3667 1.41973626507406e-02 4.05320788545721e-02 5.06484313465379e-03
3668 1.02854251644047e-02 2.57789114713040e-02 8.33483210468982e-03
3669 1.15469686196103e-02 4.06095933327766e-02 6.38384537304556e-03
3670 1.97069651033921e-02 3.79658824977913e-02 8.31344151733504e-03
3671 1.02423161260311e-02 1.31764136128606e-02 8.46232508137257e-03
3672 1.02776737227759e-02 3.20397588951944e-02 8.35694353978975e-03
3673 1.57632993059586e-02 9.64010322903617e-03 5.05860604995685e-03
3674 1.86081496757636e-02 9.97067864012253e-03 6.53860491748098e-03
3675 1.97432690269718e-02 3.65061467094299e-02 8.41841884881918e-03
3676 1.97214151828116e-02 1.95338484042590e-02 8.35432728906512e-03
3677 1.27711468031922e-02 4.05792537569866e-02 5.52426392343343e-03
3678 1.01866025936374e-02 4.10279999489800e-02 8.64677961572346e-03
3679 1.91097010903574e-02 2.03397192671134e-02 7.15213115682701e-03
3680 1.92210935682359e-02 3.56995126291240e-02 7.32000576713347e-03
3681 1.97032207551028e-02 3.92831617945734e-02 8.30302783500428e-03
3682 1.48696721859578e-02 3.91662956729375e-02 5.00169882251109e-03
3683 1.63774272372212e-02 3.90960476590851e-02 5.19347379013064e-03
3684 1.06752547077372e-02 4.07455958950035e-02 7.49070166041370e-03
3685 1.90748032398219e-02 1.18414326684876e-02 7.10241849868943e-03
3686 1.90975661781007e-02 1.87675050127671e-02 7.13469872158527e-03
3687 1.08368155053696e-02 3.74698185823008e-02 7.23090360159330e-03
3688 1.07102059260163e-02 1.24601245670469e-02 7.43140762229307e-03
3689 1.91388179541584e-02 2.34464847470638e-02 7.19461483173243e-03
3690 1.09058329356923e-02 3.28278968151825e-02 7.12984389805391e-03
3691 1.09246088889856e-02 2.49961361849119e-02 7.10324538625295e-03
3692 1.64683932558533e-02 1.10378931549126e-02 5.22047897314337e-03
3693 1.78858499406547e-02 1.13371766448942e-02 5.91687985481405e-03
3694 1.91410443543658e-02 3.27363816808601e-02 7.19790227594130e-03
3695 1.91818080928096e-02 3.42389366229883e-02 7.25910943762578e-03
3696 1.91009203903416e-02 2.81034621114229e-02 7.13950145043209e-03
3697 1.91062622985910e-02 3.12073137917974e-02 7.14717509559914e-03
3698 1.90919004817552e-02 1.71736949434284e-02 7.12661341838386e-03
3699 1.34226055076152e-02 1.10371968642326e-02 5.25533703879886e-03
3700 1.09154022919295e-02 1.53920665705118e-02 7.11624176408199e-03
3701 1.20918873424066e-02 3.92916775897618e-02 5.93270596455762e-03
3702 1.09817902934806e-02 1.11518020587527e-02 7.02443438075493e-03
3703 1.77835437009071e-02 3.90058215965658e-02 5.84646121179297e-03
3704 1.09236826957071e-02 3.43849990334090e-02 7.10454887198520e-03
3705 1.90931633832249e-02 1.38423342136538e-02 7.12841271798564e-03
3706 1.91205404023780e-02 2.65501494298510e-02 7.16783708230431e-03
3707 1.09046036104617e-02 1.86257482951394e-02 7.13159828256975e-03
3708 1.09123353598701e-02 2.02255810024348e-02 7.12059072206957e-03
3709 1.90950310025943e-02 1.55482609985394e-02 7.13107666749495e-03
3710 1.20747191846518e-02 1.11201816346730e-02 5.94503610973463e-03
3711 1.08993009830937e-02 3.59303346775889e-02 7.13918410715696e-03
3712 1.09219589706679e-02 2.18219160469530e-02 7.10697712365012e-03
3713 1.08647291718656e-02 1.38300757239787e-02 7.18938882483182e-03
3714 1.49250171874311e-02 1.09576608178770e-02 5.00056227383326e-03
3715 1.09009700933545e-02 1.70229624684184e-02 7.13679308738862e-03
3716 1.91259081361922e-02 2.18954784606032e-02 7.17566254641851e-03
3717 1.09283063989375e-02 2.34133867128085e-02 7.09805044512025e-03
3718 1.08864579845487e-02 2.81396356918886e-02 7.15768191661862e-03
3719 1.08739653463966e-02 2.97020124789457e-02 7.17584737712990e-03
3720 1.09074301499850e-02 2.65728835005040e-02 7.12756688106611e-03
3721 1.90925526132975e-02 2.96605977900304e-02 7.12754232278491e-03
3722 1.08816490235085e-02 3.12645893241920e-02 7.16465430071900e-03
3723 1.90083411675567e-02 3.88443887198049e-02 7.01115388745588e-03
3724 1.91564706921512e-02 3.72013135116849e-02 7.22083620754584e-03
3725 1.91373895685268e-02 2.49981078699467e-02 7.19250867174169e-03
3726 1.09144784473581e-02 3.91825211311922e-02 7.11755075623203e-03
3727 1.34050499161902e-02 3.92111427148909e-02 5.26120962373781e-03
3728 1.18033574954258e-02 3.20449512784633e-02 6.15533139296117e-03
3729 1.82408566821508e-02 2.57572811737253e-02 6.19252735193561e-03
3730 1.17915944760971e-02 3.67452074532198e-02 6.16514224589892e-03
3731 1.15902336636566e-02 3.81152746451730e-02 6.34302125634570e-03
3732 1.40188017459365e-02 3.78386013680450e-02 5.09722017767238e-03
3733 1.15420461238971e-02 1.25895998449996e-02 6.38855223064975e-03
3734 1.69271007660511e-02 3.76602004908586e-02 5.38629404518608e-03
3735 1.81768790682452e-02 1.96010329012488e-02 6.13898466906110e-03
3736 1.18201940681014e-02 2.73875393688323e-02 6.14139478108184e-03
3737 1.54998651414302e-02 3.78209847474919e-02 5.02504926251697e-03
3738 1.81800765857528e-02 3.75768131195727e-02 6.14161783790835e-03
3739 1.18916937382204e-02 2.42035796527780e-02 6.08356894826661e-03
3740 1.83706678344301e-02 3.50073931150308e-02 6.30695270136730e-03
3741 1.41466715427697e-02 1.23555474191886e-02 5.07335504180777e-03
3742 1.18171168505858e-02 1.77651836187945e-02 6.14393272138888e-03
3743 1.85043906515745e-02 3.63193352118518e-02 6.43359478449840e-03
3744 1.82906739711748e-02 3.35235425058206e-02 6.23549939362038e-03
3745 1.81490341236472e-02 2.88618736530207e-02 6.11624098480536e-03
3746 1.81607598977906e-02 1.80171963201339e-02 6.12577790149836e-03
3747 1.18339278633251e-02 1.93651881564453e-02 6.13011793133551e-03
3748 1.26741862030182e-02 3.78737979402709e-02 5.57387413398931e-03
3749 1.81893790911487e-02 2.72970203818942e-02 6.14930382749511e-03
3750 1.18795896377080e-02 3.36121839795238e-02 6.09320602400121e-03
3751 1.81986249317079e-02 3.19969298112718e-02 6.15698054308121e-03
3752 1.81584798161037e-02 1.64080103151380e-02 6.12391882808609e-03
3753 1.18531626475907e-02 2.09764988122497e-02 6.11446082538323e-03
3754 1.81700984041262e-02 1.30507010200164e-02 6.13341544665628e-03
3755 1.17717265680711e-02 2.89401539551063e-02 6.18185245849485e-03
3756 1.82469499766630e-02 2.26905871227332e-02 6.19772228144128e-03
3757 1.18810176063557e-02 2.25886898513189e-02 6.09206591302552e-03
3758 1.82671563159684e-02 2.42224581042034e-02 6.21507072628464e-03
3759 1.81902956675540e-02 1.47763427503618e-02 6.15006317537726e-03
3760 1.18663058388265e-02 2.58067100591165e-02 6.10385306947661e-03
3761 1.81454077483032e-02 3.04374428535578e-02 6.11330344676691e-03
3762 1.17579677833924e-02 3.04884161916495e-02 6.19352826012347e-03
3763 1.18051723628402e-02 1.61465201583895e-02 6.15382314904271e-03
3764 1.56101573553175e-02 1.22168419695029e-02 5.03736884286652e-03
3765 1.69962151392413e-02 1.24883553696154e-02 5.41577431643425e-03
3766 1.82055714061627e-02 2.11585380253058e-02 6.16277288136448e-03
3767 1.19089072963547e-02 3.52094679514167e-02 6.06996871545900e-03
3768 1.19748533975444e-02 1.42903350654427e-02 6.01898404503937e-03
3769 1.27640620260774e-02 1.26074986038256e-02 5.52779904557375e-03
3770 1.30471448965162e-02 2.17088191753450e-02 5.39713600626770e-03
3771 1.69177857333607e-02 2.96275763307790e-02 5.38241428006818e-03
3772 1.72982634896119e-02 3.43803849650265e-02 5.55950622877173e-03
3773 1.70841227894548e-02 2.19977789655187e-02 5.45506521515709e-03
3774 1.46635450599749e-02 3.66388694830656e-02 5.01133303643822e-03
3775 1.31709769353687e-02 3.44055984226840e-02 5.34654164851059e-03
3776 1.69961472248548e-02 1.88890667089292e-02 5.41574474350472e-03
3777 1.28622008945896e-02 3.12482212127604e-02 5.48006471452230e-03
3778 1.69894101216717e-02 2.80070302881896e-02 5.41281705533883e-03
3779 1.29821307589151e-02 1.84759006464905e-02 5.42526462777534e-03
3780 1.29400928853310e-02 2.82386048540808e-02 5.44403877552319e-03
3781 1.69754011239399e-02 1.72825521664384e-02 5.40676689035522e-03
3782 1.32075043975354e-02 3.62265064462215e-02 5.33234967942703e-03
3783 1.30237550620439e-02 3.27652967862941e-02 5.40712987934526e-03
3784 1.71074835191373e-02 3.28564418250865e-02 5.46585033147730e-03
3785 1.31166867442066e-02 2.33690869985304e-02 5.36824750439394e-03
3786 1.30076358333805e-02 2.00829708832329e-02 5.41409932209924e-03
3787 1.70694078198483e-02 2.64525534016954e-02 5.44834631423361e-03
3788 1.59845007381982e-02 3.64260744948602e-02 5.09788226411408e-03
3789 1.70269181284803e-02 2.04627639238189e-02 5.42926669992244e-03
3790 1.49417332940695e-02 1.34229635528957e-02 5.00033951242887e-03
3791 1.71839312904382e-02 2.49680974674487e-02 5.50217340055832e-03
3792 1.69722301262367e-02 1.56572826212906e-02 5.40540444335256e-03
3793 1.31081503407363e-02 2.50366550317505e-02 5.37172765853783e-03
3794 1.69547207181305e-02 3.12605614075273e-02 5.39792797599696e-03
3795 1.28385422612560e-02 2.97332302950765e-02 5.49133052402113e-03
3796 1.28751465064119e-02 1.54390632708562e-02 5.47396446867831e-03
3797 1.36856235013908e-02 1.41224773338771e-02 5.17585091234696e-03
3798 1.73976521216067e-02 3.60824502891475e-02 5.61237372788485e-03
3799 1.71122413424962e-02 1.40906913956186e-02 5.46806481610232e-03
3800 1.71878721936321e-02 2.34746905587079e-02 5.50408905066709e-03
3801 1.29482947324657e-02 1.69032337655832e-02 5.44033932236486e-03
3802 1.30218941897132e-02 2.66731818492885e-02 5.40793103238751e-03
3803 1.61030643493846e-02 1.34267216742734e-02 5.12319274103265e-03
3804 1.44546971268046e-02 3.33738871983279e-02 5.02982447226611e-03
3805 1.47660176842818e-02 3.51031512094756e-02 5.00547777300660e-03
3806 1.43971214583505e-02 2.60111018412704e-02 5.03647932773333e-03
3807 1.56877741351929e-02 1.98018651855862e-02 5.04752922886367e-03
3808 1.61137237674910e-02 2.42182595574315e-02 5.12561600099812e-03
3809 1.39235045410051e-02 3.04807592768217e-02 5.11725921978615e-03
3810 1.58353520175387e-02 2.28973274729462e-02 5.07027515911953e-03
3811 1.54306477867267e-02 3.04610777791795e-02 5.01858027428050e-03
3812 1.42739668988783e-02 1.75325451875977e-02 5.05299323468468e-03
3813 1.56599230582469e-02 1.81975204783855e-02 5.04374117330480e-03
3814 1.56161372620095e-02 2.86697519919567e-02 5.03810773249122e-03
3815 1.42483872967368e-02 3.18089747192562e-02 5.05681495953335e-03
3816 1.59304520733341e-02 3.38077388455796e-02 5.08733687912266e-03
3817 1.44093427572900e-02 2.23989129299208e-02 5.03501016903013e-03
3818 1.42961606993213e-02 2.76230681516609e-02 5.04978684915285e-03
3819 1.43042692639595e-02 1.91488516817316e-02 5.04864071764848e-03
3820 1.41902724799302e-02 1.58824018283176e-02 5.06600148528178e-03
3821 1.57087845330381e-02 2.70626394369410e-02 5.05049250069000e-03
3822 1.43390984011223e-02 2.07589373967622e-02 5.04387156375050e-03
3823 1.57375222995898e-02 2.13765481804496e-02 5.05469304718021e-03
3824 1.56203095809647e-02 1.65524518170845e-02 5.03862760682456e-03
3825 1.46085585480095e-02 2.42115152322676e-02 5.01534619159328e-03
3826 1.57091528626917e-02 3.22421802354783e-02 5.05054526060332e-03
3827 1.41875256846872e-02 2.91517122271315e-02 5.06645305211788e-03
3828 1.55346720601000e-02 1.48214709546400e-02 5.02866961587259e-03
3829 1.62895667241838e-02 3.51445912600726e-02 5.16915973521397e-03
3830 1.58309286360057e-02 2.55360909186357e-02 5.06952764921395e-03
5074 203 15 280 230 
5075 203 280 279 3153 
5076 203 278 277 3154 
5077 203 276 275 3155 
5078 203 274 273 3156 
5079 203 272 271 3157 
5080 203 270 269 3158 
5081 203 268 267 3159 
5082 203 266 265 3160 
5083 203 264 263 3161 
5084 203 262 261 3162 
5085 203 260 259 3163 
5086 203 258 257 3164 
5087 203 256 255 3165 
5088 203 254 253 3166 
5089 203 252 251 3167 
5090 203 250 16 249 
5091 203 249 248 3168 
5092 203 247 246 3169 
5093 203 245 244 3170 
5094 203 243 242 3171 
5095 203 241 240 3172 
5096 203 239 238 3173 
5097 203 237 236 3174 
5098 203 235 234 3175 
5099 203 233 232 3176 
5100 203 231 16 250 
5101 203 250 251 3177 
5102 203 252 253 3178 
5103 203 254 255 3179 
5104 203 256 257 3180 
5105 203 258 259 3181 
5106 203 260 261 3182 
5107 203 262 263 3183 
5108 203 264 265 3184 
5109 203 266 267 3185 
5110 203 268 269 3186 
5111 203 270 271 3187 
5112 203 272 273 3188 
5113 203 274 275 3189 
5114 203 276 277 3190 
5115 203 278 279 3191 
5116 203 280 15 212 
5117 203 212 213 3192 
5118 203 214 215 3193 
5119 203 216 217 3194 
5120 203 218 219 3195 
5121 203 220 221 3196 
5122 203 222 223 3197 
5123 203 224 225 3198 
5124 203 226 227 3199 
5125 203 228 229 3200 
5126 203 230 280 3153 
5127 203 250 249 3168 
5128 203 231 250 3177 
5129 203 280 212 3192 
5130 203 3153 279 3201 
5131 203 279 278 3201 
5132 203 278 3154 3201 
5133 203 277 276 3202 
5134 203 275 274 3203 
5135 203 273 272 3204 
5136 203 271 270 3205 
5137 203 269 268 3206 
5138 203 267 266 3207 
5139 203 265 264 3208 
5140 203 263 262 3209 
5141 203 261 260 3210 
5142 203 259 258 3211 
5143 203 257 256 3212 
5144 203 255 254 3213 
5145 203 253 252 3214 
5146 203 3205 270 3158 
5147 203 251 250 3215 
5148 203 3168 248 3216 
5149 203 248 247 3216 
5150 203 247 3169 3216 
5151 203 246 245 3217 
5152 203 244 243 3218 
5153 203 242 241 3219 
5154 203 240 239 3220 
5155 203 238 237 3221 
5156 203 236 235 3222 
5157 203 234 233 3223 
5158 203 3204 272 3157 
5159 203 232 231 3224 
5160 203 3177 251 3225 
5161 203 251 252 3225 
5162 203 252 3178 3225 
5163 203 253 254 3226 
5164 203 255 256 3227 
5165 203 257 258 3228 
5166 203 259 260 3229 
5167 203 261 262 3230 
5168 203 263 264 3231 
5169 203 265 266 3232 
5170 203 267 268 3233 
5171 203 269 270 3234 
5172 203 271 272 3235 
5173 203 273 274 3236 
5174 203 275 276 3237 
5175 203 277 278 3238 
5176 203 277 3202 3154 
5177 203 279 280 3239 
5178 203 213 214 3240 
5179 203 215 216 3241 
5180 203 217 218 3242 
5181 203 219 220 3243 
5182 203 221 222 3244 
5183 203 223 224 3245 
5184 203 225 226 3246 
5185 203 227 228 3247 
5186 203 229 230 3248 
5187 203 3206 268 3159 
5188 203 279 3239 3191 
5189 203 3155 275 3203 
5190 203 3156 273 3204 
5191 203 3157 271 3205 
5192 203 3158 269 3206 
5193 203 3159 267 3207 
5194 203 3160 265 3208 
5195 203 3161 263 3209 
5196 203 3162 261 3210 
5197 203 3163 259 3211 
5198 203 3164 257 3212 
5199 203 3165 255 3213 
5200 203 3166 253 3214 
5201 203 3167 251 3215 
5202 203 3169 246 3217 
5203 203 3170 244 3218 
5204 203 3171 242 3219 
5205 203 3172 240 3220 
5206 203 3173 238 3221 
5207 203 3174 236 3222 
5208 203 3175 234 3223 
5209 203 3176 232 3224 
5210 203 3178 253 3226 
5211 203 3179 255 3227 
5212 203 3180 257 3228 
5213 203 3181 259 3229 
5214 203 3182 261 3230 
5215 203 3183 263 3231 
5216 203 3184 265 3232 
5217 203 3185 267 3233 
5218 203 3186 269 3234 
5219 203 3187 271 3235 
5220 203 3188 273 3236 
5221 203 3189 275 3237 
5222 203 3190 277 3238 
5223 203 3193 215 3241 
5224 203 3194 217 3242 
5225 203 3195 219 3243 
5226 203 3196 221 3244 
5227 203 3197 223 3245 
5228 203 3198 225 3246 
5229 203 3199 227 3247 
5230 203 3200 229 3248 
5231 203 3207 266 3160 
5232 203 3208 264 3161 
5233 203 3209 262 3162 
5234 203 3210 260 3163 
5235 203 3211 258 3164 
5236 203 3212 256 3165 
5237 203 3213 254 3166 
5238 203 3214 252 3167 
5239 203 3219 241 3172 
5240 203 3220 239 3173 
5241 203 3221 237 3174 
5242 203 3222 235 3175 
5243 203 3223 233 3176 
5244 203 3228 258 3181 
5245 203 3229 260 3182 
5246 203 3230 262 3183 
5247 203 3231 264 3184 
5248 203 3232 266 3185 
5249 203 3233 268 3186 
5250 203 3234 270 3187 
5251 203 3235 272 3188 
5252 203 3236 274 3189 
5253 203 3237 276 3190 
5254 203 3238 278 3191 
5255 203 3240 214 3193 
5256 203 3241 216 3194 
5257 203 3242 218 3195 
5258 203 3243 220 3196 
5259 203 3244 222 3197 
5260 203 3245 224 3198 
5261 203 3246 226 3199 
5262 203 3247 228 3200 
5263 203 3203 274 3156 
5264 203 3202 276 3155 
5265 203 3218 243 3171 
5266 203 3217 245 3170 
5267 203 3227 256 3180 
5268 203 3226 254 3179 
5269 203 213 3240 3192 
5270 203 3201 3154 3249 
5271 203 3218 3171 3250 
5272 203 3156 3204 3251 
5273 203 3202 3155 3252 
5274 203 3157 3205 3253 
5275 203 3178 3226 3254 
5276 203 3158 3206 3255 
5277 203 3169 3217 3256 
5278 203 3159 3207 3257 
5279 203 3191 3239 3258 
5280 203 3160 3208 3259 
5281 203 3161 3209 3260 
5282 203 3162 3210 3261 
5283 203 3163 3211 3262 
5284 203 3164 3212 3263 
5285 203 3165 3213 3264 
5286 203 3166 3214 3265 
5287 203 3167 3215 3266 
5288 203 3219 3172 3267 
5289 203 3205 3158 3268 
5290 203 3158 3255 3268 
5291 203 3215 250 3168 
5292 203 231 3177 3224 
5293 203 3216 3169 3269 
5294 203 3169 3256 3269 
5295 203 3227 3180 3270 
5296 203 3171 3219 3271 
5297 203 3219 3267 3271 
5298 203 3220 3173 3272 
5299 203 3221 3174 3273 
5300 203 3222 3175 3274 
5301 203 3223 3176 3275 
5302 203 3176 3224 3276 
5303 203 3275 3176 3276 
5304 203 3224 3177 3276 
5305 203 3228 3181 3277 
5306 203 3204 3157 3278 
5307 203 3157 3253 3278 
5308 203 3177 3225 3276 
5309 203 280 3192 3239 
5310 203 3225 3178 3279 
5311 203 3178 3254 3279 
5312 203 3180 3228 3280 
5313 203 3228 3277 3280 
5314 203 3229 3182 3281 
5315 203 3230 3183 3282 
5316 203 3231 3184 3283 
5317 203 3232 3185 3284 
5318 203 3233 3186 3285 
5319 203 3234 3187 3286 
5320 203 3235 3188 3287 
5321 203 3236 3189 3288 
5322 203 3237 3190 3289 
5323 203 3238 3191 3290 
5324 203 3191 3258 3290 
5325 203 3193 3241 3291 
5326 203 3240 3193 3292 
5327 203 3193 3291 3292 
5328 203 3154 3202 3293 
5329 203 3202 3252 3293 
5330 203 3153 3201 3294 
5331 203 3201 3249 3294 
5332 203 3194 3242 3295 
5333 203 3195 3243 3296 
5334 203 3196 3244 3297 
5335 203 3197 3245 3298 
5336 203 3198 3246 3299 
5337 203 3199 3247 3300 
5338 203 3203 3156 3301 
5339 203 3156 3251 3301 
5340 203 3207 3160 3302 
5341 203 3160 3259 3302 
5342 203 230 3153 3248 
5343 203 3206 3159 3303 
5344 203 3159 3257 3303 
5345 203 3155 3203 3304 
5346 203 3203 3301 3304 
5347 203 3170 3218 3305 
5348 203 3218 3250 3305 
5349 203 3179 3227 3306 
5350 203 3227 3270 3306 
5351 203 3239 3192 3258 
5352 203 3215 3168 3266 
5353 203 3248 3153 3294 
5354 203 3255 3206 3303 
5355 203 3254 3226 3307 
5356 203 3226 3179 3307 
5357 203 3179 3306 3307 
5358 203 3207 3302 3257 
5359 203 3276 3225 3279 
5360 203 3180 3280 3270 
5361 203 3258 3192 3240 
5362 203 3155 3304 3252 
5363 203 3154 3293 3249 
5364 203 3208 3161 3308 
5365 203 3209 3162 3309 
5366 203 3210 3163 3310 
5367 203 3211 3164 3311 
5368 203 3212 3165 3312 
5369 203 3213 3166 3313 
5370 203 3214 3167 3314 
5371 203 3205 3268 3253 
5372 203 3168 3216 3266 
5373 203 3266 3216 3269 
5374 203 3258 3240 3292 
5375 203 3171 3271 3250 
5376 203 3272 3173 3315 
5377 203 3173 3221 3315 
5378 203 3217 3170 3316 
5379 203 3172 3220 3317 
5380 203 3221 3273 3315 
5381 203 3217 3316 3256 
5382 203 3174 3222 3318 
5383 203 3175 3223 3319 
5384 203 3204 3278 3251 
5385 203 3283 3184 3320 
5386 203 3184 3232 3320 
5387 203 3282 3183 3321 
5388 203 3183 3231 3321 
5389 203 3281 3182 3322 
5390 203 3182 3230 3322 
5391 203 3181 3229 3323 
5392 203 3230 3282 3322 
5393 203 3181 3323 3277 
5394 203 3231 3283 3321 
5395 203 3232 3284 3320 
5396 203 3185 3233 3324 
5397 203 3186 3234 3325 
5398 203 3187 3235 3326 
5399 203 3188 3236 3327 
5400 203 3189 3237 3328 
5401 203 3190 3238 3329 
5402 203 3291 3241 3330 
5403 203 3241 3194 3330 
5404 203 3208 3308 3259 
5405 203 3194 3295 3330 
5406 203 3295 3242 3331 
5407 203 3242 3195 3331 
5408 203 3195 3296 3331 
5409 203 3243 3196 3332 
5410 203 3244 3197 3333 
5411 203 3245 3198 3334 
5412 203 3246 3199 3335 
5413 203 3170 3305 3316 
5414 203 3247 3200 3336 
5415 203 3200 3248 3294 
5416 203 3229 3281 3323 
5417 203 3300 3247 3336 
5418 203 3299 3246 3335 
5419 203 3298 3245 3334 
5420 203 3297 3244 3333 
5421 203 3296 3243 3332 
5422 203 3289 3190 3329 
5423 203 3288 3189 3328 
5424 203 3287 3188 3327 
5425 203 3286 3187 3326 
5426 203 3285 3186 3325 
5427 203 3284 3185 3324 
5428 203 3274 3175 3319 
5429 203 3267 3172 3317 
5430 203 3265 3214 3314 
5431 203 3264 3213 3313 
5432 203 3263 3212 3312 
5433 203 3262 3211 3311 
5434 203 3261 3210 3310 
5435 203 3260 3209 3309 
5436 203 3174 3318 3273 
5437 203 3314 3167 3266 
5438 203 3313 3166 3265 
5439 203 3312 3165 3264 
5440 203 3311 3164 3263 
5441 203 3310 3163 3262 
5442 203 3309 3162 3261 
5443 203 3308 3161 3260 
5444 203 3329 3238 3290 
5445 203 3328 3237 3289 
5446 203 3317 3220 3272 
5447 203 3319 3223 3275 
5448 203 3318 3222 3274 
5449 203 3327 3236 3288 
5450 203 3326 3235 3287 
5451 203 3325 3234 3286 
5452 203 3324 3233 3285 
5453 203 3335 3199 3300 
5454 203 3334 3198 3299 
5455 203 3333 3197 3298 
5456 203 3332 3196 3297 
5457 203 3336 3200 3294 
5458 203 3257 3302 3337 
5459 203 3255 3303 3338 
5460 203 3329 3290 3339 
5461 203 3273 3318 3340 
5462 203 3308 3260 3341 
5463 203 3309 3261 3342 
5464 203 3310 3262 3343 
5465 203 3311 3263 3344 
5466 203 3312 3264 3345 
5467 203 3313 3265 3346 
5468 203 3253 3268 3347 
5469 203 3319 3275 3348 
5470 203 3295 3331 3349 
5471 203 3314 3266 3350 
5472 203 3266 3269 3350 
5473 203 3271 3267 3351 
5474 203 3269 3256 3350 
5475 203 3249 3293 3352 
5476 203 3256 3316 3353 
5477 203 3299 3335 3354 
5478 203 3265 3314 3355 
5479 203 3346 3265 3355 
5480 203 3314 3350 3355 
5481 203 3315 3273 3356 
5482 203 3273 3340 3356 
5483 203 3327 3288 3357 
5484 203 3251 3278 3358 
5485 203 3275 3276 3359 
5486 203 3348 3275 3359 
5487 203 3276 3279 3359 
5488 203 3278 3253 3360 
5489 203 3253 3347 3360 
5490 203 3274 3319 3361 
5491 203 3319 3348 3361 
5492 203 3320 3284 3362 
5493 203 3277 3323 3363 
5494 203 3283 3320 3364 
5495 203 3320 3362 3364 
5496 203 3272 3315 3365 
5497 203 3315 3356 3365 
5498 203 3280 3277 3366 
5499 203 3277 3363 3366 
5500 203 3252 3304 3367 
5501 203 3300 3336 3368 
5502 203 3307 3306 3369 
5503 203 3322 3282 3370 
5504 203 3281 3322 3371 
5505 203 3322 3370 3371 
5506 203 3335 3300 3372 
5507 203 3300 3368 3372 
5508 203 3324 3285 3373 
5509 203 3325 3286 3374 
5510 203 3326 3287 3375 
5511 203 3287 3327 3376 
5512 203 3327 3357 3376 
5513 203 3317 3272 3377 
5514 203 3272 3365 3377 
5515 203 3328 3289 3378 
5516 203 3291 3330 3379 
5517 203 3250 3271 3380 
5518 203 3271 3351 3380 
5519 203 3293 3252 3381 
5520 203 3252 3367 3381 
5521 203 3270 3280 3382 
5522 203 3280 3366 3382 
5523 203 3289 3329 3383 
5524 203 3329 3339 3383 
5525 203 3259 3308 3384 
5526 203 3308 3341 3384 
5527 203 3336 3294 3385 
5528 203 3368 3336 3385 
5529 203 3294 3249 3385 
5530 203 3296 3332 3386 
5531 203 3297 3333 3387 
5532 203 3298 3334 3388 
5533 203 3334 3299 3389 
5534 203 3299 3354 3389 
5535 203 3302 3259 3390 
5536 203 3259 3384 3390 
5537 203 3303 3257 3391 
5538 203 3257 3337 3391 
5539 203 3305 3250 3392 
5540 203 3250 3380 3392 
5541 203 3301 3251 3393 
5542 203 3251 3358 3393 
5543 203 3306 3270 3394 
5544 203 3270 3382 3394 
5545 203 3292 3291 3395 
5546 203 3291 3379 3395 
5547 203 3321 3283 3396 
5548 203 3283 3364 3396 
5549 203 3268 3255 3397 
5550 203 3255 3338 3397 
5551 203 3323 3281 3398 
5552 203 3281 3371 3398 
5553 203 3330 3295 3399 
5554 203 3295 3349 3399 
5555 203 3254 3307 3400 
5556 203 3307 3369 3400 
5557 203 3323 3398 3363 
5558 203 3369 3306 3394 
5559 203 3303 3391 3338 
5560 203 3354 3335 3372 
5561 203 3353 3316 3401 
5562 203 3316 3305 3401 
5563 203 3260 3309 3402 
5564 203 3261 3310 3403 
5565 203 3262 3311 3404 
5566 203 3263 3312 3405 
5567 203 3264 3313 3406 
5568 203 3289 3383 3378 
5569 203 3351 3267 3407 
5570 203 3267 3317 3407 
5571 203 3350 3256 3353 
5572 203 3249 3352 3385 
5573 203 3352 3293 3381 
5574 203 3302 3390 3337 
5575 203 3358 3278 3360 
5576 203 3357 3288 3408 
5577 203 3288 3328 3408 
5578 203 3347 3268 3397 
5579 203 3318 3274 3409 
5580 203 3362 3284 3410 
5581 203 3284 3324 3410 
5582 203 3258 3292 3411 
5583 203 3318 3409 3340 
5584 203 3279 3254 3412 
5585 203 3367 3304 3413 
5586 203 3304 3301 3413 
5587 203 3324 3373 3410 
5588 203 3330 3399 3379 
5589 203 3345 3264 3406 
5590 203 3344 3263 3405 
5591 203 3343 3262 3404 
5592 203 3342 3261 3403 
5593 203 3282 3321 3414 
5594 203 3373 3285 3415 
5595 203 3285 3325 3415 
5596 203 3258 3411 3290 
5597 203 3325 3374 3415 
5598 203 3290 3411 3339 
5599 203 3286 3326 3416 
5600 203 3287 3376 3375 
5601 203 3321 3396 3414 
5602 203 3301 3393 3413 
5603 203 3341 3260 3402 
5604 203 3279 3412 3359 
5605 203 3286 3416 3374 
5606 203 3331 3296 3417 
5607 203 3332 3297 3418 
5608 203 3333 3298 3419 
5609 203 3334 3389 3388 
5610 203 3305 3392 3401 
5611 203 3331 3417 3349 
5612 203 3370 3282 3414 
5613 203 3406 3313 3346 
5614 203 3405 3312 3345 
5615 203 3404 3311 3344 
5616 203 3403 3310 3343 
5617 203 3402 3309 3342 
5618 203 3407 3317 3377 
5619 203 3408 3328 3378 
5620 203 3409 3274 3361 
5621 203 3411 3292 3395 
5622 203 3412 3254 3400 
5623 203 3416 3326 3375 
5624 203 3419 3298 3388 
5625 203 3418 3297 3387 
5626 203 3417 3296 3386 
5627 203 3332 3418 3386 
5628 203 3333 3419 3387 
5629 203 3387 3419 3420 
5630 203 3364 3362 3421 
5631 203 3374 3416 3422 
5632 203 3349 3417 3423 
5633 203 3408 3378 3424 
5634 203 3368 3385 3425 
5635 203 3385 3352 3425 
5636 203 3407 3377 3426 
5637 203 3406 3346 3427 
5638 203 3402 3342 3428 
5639 203 3403 3343 3429 
5640 203 3404 3344 3430 
5641 203 3405 3345 3431 
5642 203 3411 3395 3339 
5643 203 3409 3361 3432 
5644 203 3370 3414 3433 
5645 203 3360 3347 3434 
5646 203 3341 3402 3435 
5647 203 3402 3428 3435 
5648 203 3379 3399 3436 
5649 203 3356 3340 3437 
5650 203 3338 3391 3438 
5651 203 3350 3353 3439 
5652 203 3348 3359 3440 
5653 203 3359 3412 3440 
5654 203 3369 3394 3441 
5655 203 3361 3348 3442 
5656 203 3432 3361 3442 
5657 203 3348 3440 3442 
5658 203 3340 3409 3443 
5659 203 3409 3432 3443 
5660 203 3365 3356 3444 
5661 203 3356 3437 3444 
5662 203 3367 3413 3445 
5663 203 3366 3363 3446 
5664 203 3353 3401 3447 
5665 203 3372 3368 3448 
5666 203 3368 3425 3448 
5667 203 3373 3415 3449 
5668 203 3375 3376 3450 
5669 203 3377 3365 3451 
5670 203 3365 3444 3451 
5671 203 3351 3407 3452 
5672 203 3407 3426 3452 
5673 203 3381 3367 3453 
5674 203 3367 3445 3453 
5675 203 3382 3366 3454 
5676 203 3366 3446 3454 
5677 203 3386 3418 3455 
5678 203 3383 3339 3456 
5679 203 3384 3341 3457 
5680 203 3341 3435 3457 
5681 203 3352 3381 3458 
5682 203 3425 3352 3458 
5683 203 3381 3453 3458 
5684 203 3354 3372 3459 
5685 203 3372 3448 3459 
5686 203 3417 3386 3460 
5687 203 3386 3455 3460 
5688 203 3418 3387 3461 
5689 203 3387 3420 3461 
5690 203 3388 3389 3462 
5691 203 3390 3384 3463 
5692 203 3384 3457 3463 
5693 203 3358 3360 3464 
5694 203 3360 3434 3464 
5695 203 3392 3380 3465 
5696 203 3410 3373 3466 
5697 203 3373 3449 3466 
5698 203 3393 3358 3467 
5699 203 3358 3464 3467 
5700 203 3394 3382 3468 
5701 203 3382 3454 3468 
5702 203 3396 3364 3469 
5703 203 3364 3421 3469 
5704 203 3415 3374 3470 
5705 203 3374 3422 3470 
5706 203 3397 3338 3471 
5707 203 3338 3438 3471 
5708 203 3389 3354 3472 
5709 203 3462 3389 3472 
5710 203 3354 3459 3472 
5711 203 3398 3371 3473 
5712 203 3401 3392 3474 
5713 203 3392 3465 3474 
5714 203 3399 3349 3475 
5715 203 3349 3423 3475 
5716 203 3380 3351 3476 
5717 203 3351 3452 3476 
5718 203 3345 3406 3477 
5719 203 3406 3427 3477 
5720 203 3414 3396 3478 
5721 203 3396 3469 3478 
5722 203 3371 3370 3479 
5723 203 3370 3433 3479 
5724 203 3400 3369 3480 
5725 203 3369 3441 3480 
5726 203 3337 3390 3481 
5727 203 3390 3463 3481 
5728 203 3357 3408 3482 
5729 203 3408 3424 3482 
5730 203 3339 3395 3456 
5731 203 3437 3340 3443 
5732 203 3415 3470 3449 
5733 203 3434 3347 3483 
5734 203 3347 3397 3483 
5735 203 3397 3471 3483 
5736 203 3380 3476 3465 
5737 203 3355 3350 3439 
5738 203 3456 3395 3379 
5739 203 3433 3414 3478 
5740 203 3426 3377 3451 
5741 203 3379 3436 3456 
5742 203 3342 3403 3484 
5743 203 3343 3404 3485 
5744 203 3344 3405 3486 
5745 203 3378 3383 3487 
5746 203 3416 3375 3488 
5747 203 3431 3345 3477 
5748 203 3399 3475 3436 
5749 203 3346 3355 3489 
5750 203 3427 3346 3489 
5751 203 3355 3439 3489 
5752 203 3430 3344 3486 
5753 203 3371 3479 3473 
5754 203 3429 3343 3485 
5755 203 3342 3484 3428 
5756 203 3362 3410 3490 
5757 203 3441 3394 3468 
5758 203 3446 3363 3491 
5759 203 3363 3398 3491 
5760 203 3362 3490 3421 
5761 203 3412 3400 3492 
5762 203 3445 3413 3493 
5763 203 3413 3393 3493 
5764 203 3418 3461 3455 
5765 203 3353 3447 3439 
5766 203 3417 3460 3423 
5767 203 3375 3450 3488 
5768 203 3419 3388 3494 
5769 203 3450 3376 3495 
5770 203 3376 3357 3495 
5771 203 3424 3378 3487 
5772 203 3383 3456 3487 
5773 203 3422 3416 3488 
5774 203 3412 3492 3440 
5775 203 3388 3462 3494 
5776 203 3420 3419 3494 
5777 203 3357 3482 3495 
5778 203 3447 3401 3474 
5779 203 3391 3337 3496 
5780 203 3410 3466 3490 
5781 203 3391 3496 3438 
5782 203 3486 3405 3431 
5783 203 3485 3404 3430 
5784 203 3484 3403 3429 
5785 203 3491 3398 3473 
5786 203 3493 3393 3467 
5787 203 3492 3400 3480 
5788 203 3496 3337 3481 
5789 203 3435 3428 3497 
5790 203 3465 3476 3498 
5791 203 3495 3482 3499 
5792 203 3422 3488 3500 
5793 203 3492 3480 3501 
5794 203 3426 3451 3502 
5795 203 3491 3473 3503 
5796 203 3484 3429 3504 
5797 203 3485 3430 3505 
5798 203 3487 3456 3506 
5799 203 3456 3436 3506 
5800 203 3440 3492 3442 
5801 203 3443 3432 3507 
5802 203 3496 3481 3508 
5803 203 3431 3477 3509 
5804 203 3493 3467 3510 
5805 203 3438 3496 3511 
5806 203 3496 3508 3511 
5807 203 3449 3470 3512 
5808 203 3441 3468 3513 
5809 203 3445 3493 3514 
5810 203 3493 3510 3514 
5811 203 3444 3437 3515 
5812 203 3421 3490 3516 
5813 203 3447 3474 3517 
5814 203 3436 3475 3506 
5815 203 3434 3483 3518 
5816 203 3455 3461 3519 
5817 203 3420 3494 3520 
5818 203 3466 3449 3521 
5819 203 3449 3512 3521 
5820 203 3457 3435 3522 
5821 203 3435 3497 3522 
5822 203 3437 3443 3523 
5823 203 3443 3507 3523 
5824 203 3459 3448 3524 
5825 203 3450 3495 3525 
5826 203 3495 3499 3525 
5827 203 3451 3444 3526 
5828 203 3444 3515 3526 
5829 203 3452 3426 3527 
5830 203 3426 3502 3527 
5831 203 3453 3445 3528 
5832 203 3445 3514 3528 
5833 203 3448 3425 3529 
5834 203 3524 3448 3529 
5835 203 3425 3458 3529 
5836 203 3454 3446 3530 
5837 203 3439 3447 3531 
5838 203 3489 3439 3531 
5839 203 3447 3517 3531 
5840 203 3446 3491 3532 
5841 203 3491 3503 3532 
5842 203 3488 3450 3533 
5843 203 3450 3525 3533 
5844 203 3463 3457 3534 
5845 203 3457 3522 3534 
5846 203 3460 3455 3535 
5847 203 3455 3519 3535 
5848 203 3461 3420 3536 
5849 203 3420 3520 3536 
5850 203 3429 3485 3537 
5851 203 3485 3505 3537 
5852 203 3464 3434 3538 
5853 203 3434 3518 3538 
5854 203 3490 3466 3539 
5855 203 3466 3521 3539 
5856 203 3467 3464 3540 
5857 203 3464 3538 3540 
5858 203 3468 3454 3541 
5859 203 3454 3530 3541 
5860 203 3469 3421 3542 
5861 203 3421 3516 3542 
5862 203 3433 3478 3543 
5863 203 3470 3422 3544 
5864 203 3422 3500 3544 
5865 203 3471 3438 3545 
5866 203 3438 3511 3545 
5867 203 3474 3465 3546 
5868 203 3465 3498 3546 
5869 203 3475 3423 3547 
5870 203 3476 3452 3548 
5871 203 3452 3527 3548 
5872 203 3478 3469 3549 
5873 203 3469 3542 3549 
5874 203 3424 3487 3550 
5875 203 3487 3506 3550 
5876 203 3479 3433 3551 
5877 203 3433 3543 3551 
5878 203 3480 3441 3552 
5879 203 3441 3513 3552 
5880 203 3481 3463 3553 
5881 203 3463 3534 3553 
5882 203 3482 3424 3554 
5883 203 3499 3482 3554 
5884 203 3424 3550 3554 
5885 203 3423 3460 3555 
5886 203 3460 3535 3555 
5887 203 3486 3431 3556 
5888 203 3431 3509 3556 
5889 203 3475 3547 3506 
5890 203 3451 3526 3502 
5891 203 3492 3501 3442 
5892 203 3503 3473 3557 
5893 203 3473 3479 3557 
5894 203 3488 3533 3500 
5895 203 3501 3480 3552 
5896 203 3428 3484 3558 
5897 203 3468 3541 3513 
5898 203 3479 3551 3557 
5899 203 3508 3481 3553 
5900 203 3478 3549 3543 
5901 203 3474 3546 3517 
5902 203 3423 3555 3547 
5903 203 3427 3489 3559 
5904 203 3489 3531 3559 
5905 203 3462 3472 3560 
5906 203 3512 3470 3544 
5907 203 3432 3442 3501 
5908 203 3498 3476 3548 
5909 203 3515 3437 3523 
5910 203 3428 3558 3497 
5911 203 3520 3494 3561 
5912 203 3494 3462 3561 
5913 203 3519 3461 3536 
5914 203 3446 3532 3530 
5915 203 3518 3483 3562 
5916 203 3483 3471 3562 
5917 203 3429 3537 3504 
5918 203 3467 3540 3510 
5919 203 3516 3490 3539 
5920 203 3462 3560 3561 
5921 203 3458 3453 3529 
5922 203 3430 3486 3563 
5923 203 3505 3430 3563 
5924 203 3432 3501 3507 
5925 203 3472 3459 3564 
5926 203 3560 3472 3564 
5927 203 3459 3524 3564 
5928 203 3427 3559 3477 
5929 203 3558 3484 3504 
5930 203 3529 3453 3528 
5931 203 3562 3471 3545 
5932 203 3563 3486 3556 
5933 203 3477 3559 3509 
5934 203 3563 3556 3565 
5935 203 3508 3553 3566 
5936 203 3562 3545 3567 
5937 203 3498 3548 3568 
5938 203 3529 3528 3524 
5939 203 3513 3541 3569 
5940 203 3500 3533 3570 
5941 203 3509 3559 3571 
5942 203 3532 3503 3572 
5943 203 3525 3499 3573 
5944 203 3512 3544 3574 
5945 203 3543 3549 3575 
5946 203 3501 3552 3507 
5947 203 3555 3535 3576 
5948 203 3521 3512 3577 
5949 203 3512 3574 3577 
5950 203 3502 3526 3578 
5951 203 3530 3532 3579 
5952 203 3532 3572 3579 
5953 203 3522 3497 3580 
5954 203 3523 3507 3581 
5955 203 3518 3562 3582 
5956 203 3562 3567 3582 
5957 203 3527 3502 3583 
5958 203 3502 3578 3583 
5959 203 3528 3514 3584 
5960 203 3504 3537 3585 
5961 203 3547 3555 3586 
5962 203 3555 3576 3586 
5963 203 3544 3500 3587 
5964 203 3500 3570 3587 
5965 203 3533 3525 3588 
5966 203 3525 3573 3588 
5967 203 3534 3522 3589 
5968 203 3522 3580 3589 
5969 203 3557 3551 3590 
5970 203 3536 3520 3591 
5971 203 3511 3508 3592 
5972 203 3508 3566 3592 
5973 203 3516 3539 3593 
5974 203 3538 3518 3594 
5975 203 3518 3582 3594 
5976 203 3561 3560 3595 
5977 203 3520 3561 3596 
5978 203 3591 3520 3596 
5979 203 3561 3595 3596 
5980 203 3539 3521 3597 
5981 203 3521 3577 3597 
5982 203 3505 3563 3598 
5983 203 3563 3565 3598 
5984 203 3540 3538 3599 
5985 203 3538 3594 3599 
5986 203 3541 3530 3600 
5987 203 3530 3579 3600 
5988 203 3542 3516 3601 
5989 203 3516 3593 3601 
5990 203 3517 3546 3602 
5991 203 3545 3511 3603 
5992 203 3511 3592 3603 
5993 203 3546 3498 3604 
5994 203 3498 3568 3604 
5995 203 3510 3540 3605 
5996 203 3540 3599 3605 
5997 203 3515 3523 3606 
5998 203 3523 3581 3606 
5999 203 3549 3542 3607 
6000 203 3542 3601 3607 
6001 203 3558 3504 3608 
6002 203 3504 3585 3608 
6003 203 3551 3543 3609 
6004 203 3543 3575 3609 
6005 203 3552 3513 3610 
6006 203 3513 3569 3610 
6007 203 3519 3536 3611 
6008 203 3536 3591 3611 
6009 203 3553 3534 3612 
6010 203 3534 3589 3612 
6011 203 3556 3509 3613 
6012 203 3565 3556 3613 
6013 203 3509 3571 3613 
6014 203 3524 3528 3614 
6015 203 3564 3524 3614 
6016 203 3528 3584 3614 
6017 203 3507 3552 3610 
6018 203 3517 3602 3571 
6019 203 3570 3533 3588 
6020 203 3569 3541 3600 
6021 203 3560 3564 3615 
6022 203 3595 3560 3615 
6023 203 3564 3614 3615 
6024 203 3506 3547 3616 
6025 203 3550 3506 3616 
6026 203 3547 3586 3616 
6027 203 3572 3503 3617 
6028 203 3503 3557 3617 
6029 203 3548 3527 3618 
6030 203 3576 3535 3619 
6031 203 3535 3519 3619 
6032 203 3568 3548 3618 
6033 203 3578 3526 3620 
6034 203 3526 3515 3620 
6035 203 3585 3537 3621 
6036 203 3537 3505 3621 
6037 203 3567 3545 3603 
6038 203 3580 3497 3622 
6039 203 3497 3558 3622 
6040 203 3549 3607 3575 
6041 203 3539 3597 3593 
6042 203 3584 3514 3623 
6043 203 3514 3510 3623 
6044 203 3551 3609 3590 
6045 203 3544 3587 3574 
6046 203 3566 3553 3612 
6047 203 3546 3604 3602 
6048 203 3515 3606 3620 
6049 203 3573 3499 3624 
6050 203 3499 3554 3624 
6051 203 3617 3557 3590 
6052 203 3554 3550 3625 
6053 203 3624 3554 3625 
6054 203 3550 3616 3625 
6055 203 3619 3519 3611 
6056 203 3618 3527 3583 
6057 203 3621 3505 3598 
6058 203 3622 3558 3608 
6059 203 3623 3510 3605 
6060 203 3570 3588 3626 
6061 203 3621 3598 3627 
6062 203 3569 3600 3628 
6063 203 3619 3611 3629 
6064 203 3559 3531 3517 
6065 203 3576 3619 3630 
6066 203 3619 3629 3630 
6067 203 3507 3610 3581 
6068 203 3517 3571 3559 
6069 203 3571 3602 3631 
6070 203 3618 3583 3632 
6071 203 3594 3582 3633 
6072 203 3622 3608 3634 
6073 203 3592 3566 3635 
6074 203 3597 3577 3636 
6075 203 3586 3576 3637 
6076 203 3576 3630 3637 
6077 203 3623 3605 3638 
6078 203 3579 3572 3639 
6079 203 3617 3590 3640 
6080 203 3585 3621 3641 
6081 203 3621 3627 3641 
6082 203 3578 3620 3642 
6083 203 3572 3617 3643 
6084 203 3617 3640 3643 
6085 203 3587 3570 3644 
6086 203 3570 3626 3644 
6087 203 3593 3597 3645 
6088 203 3597 3636 3645 
6089 203 3589 3580 3646 
6090 203 3574 3587 3647 
6091 203 3587 3644 3647 
6092 203 3602 3604 3631 
6093 203 3568 3618 3648 
6094 203 3618 3632 3648 
6095 203 3584 3623 3649 
6096 203 3623 3638 3649 
6097 203 3567 3603 3650 
6098 203 3616 3586 3651 
6099 203 3625 3616 3651 
6100 203 3586 3637 3651 
6101 203 3603 3592 3652 
6102 203 3592 3635 3652 
6103 203 3575 3607 3653 
6104 203 3599 3594 3654 
6105 203 3594 3633 3654 
6106 203 3600 3579 3655 
6107 203 3579 3639 3655 
6108 203 3601 3593 3656 
6109 203 3593 3645 3656 
6110 203 3580 3622 3657 
6111 203 3622 3634 3657 
6112 203 3604 3568 3658 
6113 203 3568 3648 3658 
6114 203 3605 3599 3659 
6115 203 3599 3654 3659 
6116 203 3606 3581 3660 
6117 203 3607 3601 3661 
6118 203 3601 3656 3661 
6119 203 3608 3585 3662 
6120 203 3585 3641 3662 
6121 203 3609 3575 3663 
6122 203 3575 3653 3663 
6123 203 3612 3589 3664 
6124 203 3589 3646 3664 
6125 203 3581 3610 3660 
6126 203 3580 3657 3646 
6127 203 3571 3631 3613 
6128 203 3636 3577 3665 
6129 203 3577 3574 3665 
6130 203 3565 3613 3666 
6131 203 3629 3611 3667 
6132 203 3611 3591 3667 
6133 203 3635 3566 3668 
6134 203 3566 3612 3668 
6135 203 3634 3608 3662 
6136 203 3596 3595 3669 
6137 203 3600 3655 3628 
6138 203 3604 3658 3631 
6139 203 3612 3664 3668 
6140 203 3660 3610 3569 
6141 203 3603 3652 3650 
6142 203 3573 3624 3670 
6143 203 3638 3605 3659 
6144 203 3627 3598 3671 
6145 203 3598 3565 3671 
6146 203 3582 3567 3672 
6147 203 3633 3582 3672 
6148 203 3583 3578 3673 
6149 203 3642 3620 3674 
6150 203 3620 3606 3674 
6151 203 3572 3643 3639 
6152 203 3567 3650 3672 
6153 203 3565 3666 3671 
6154 203 3588 3573 3675 
6155 203 3590 3609 3676 
6156 203 3574 3647 3665 
6157 203 3573 3670 3675 
6158 203 3591 3596 3677 
6159 203 3596 3669 3677 
6160 203 3653 3607 3661 
6161 203 3583 3673 3632 
6162 203 3606 3660 3674 
6163 203 3614 3584 3678 
6164 203 3615 3614 3678 
6165 203 3584 3649 3678 
6166 203 3640 3590 3676 
6167 203 3667 3591 3677 
6168 203 3660 3569 3628 
6169 203 3588 3675 3626 
6170 203 3673 3578 3642 
6171 203 3676 3609 3663 
6172 203 3676 3663 3679 
6173 203 3626 3675 3680 
6174 203 3624 3625 3681 
6175 203 3670 3624 3681 
6176 203 3625 3651 3681 
6177 203 3666 3613 3631 
6178 203 3629 3667 3682 
6179 203 3630 3629 3683 
6180 203 3629 3682 3683 
6181 203 3669 3595 3684 
6182 203 3674 3660 3685 
6183 203 3660 3628 3685 
6184 203 3628 3655 3685 
6185 203 3640 3676 3686 
6186 203 3676 3679 3686 
6187 203 3638 3659 3687 
6188 203 3671 3666 3688 
6189 203 3653 3661 3689 
6190 203 3633 3672 3690 
6191 203 3668 3664 3691 
6192 203 3673 3642 3692 
6193 203 3642 3674 3693 
6194 203 3692 3642 3693 
6195 203 3674 3685 3693 
6196 203 3647 3644 3694 
6197 203 3644 3626 3695 
6198 203 3626 3680 3695 
6199 203 3645 3636 3696 
6200 203 3665 3647 3697 
6201 203 3647 3694 3697 
6202 203 3643 3640 3698 
6203 203 3640 3686 3698 
6204 203 3648 3632 3699 
6205 203 3641 3627 3700 
6206 203 3677 3669 3701 
6207 203 3595 3615 3684 
6208 203 3666 3631 3702 
6209 203 3688 3666 3702 
6210 203 3631 3658 3702 
6211 203 3637 3630 3703 
6212 203 3630 3683 3703 
6213 203 3654 3633 3704 
6214 203 3633 3690 3704 
6215 203 3655 3639 3705 
6216 203 3656 3645 3706 
6217 203 3645 3696 3706 
6218 203 3634 3662 3707 
6219 203 3657 3634 3708 
6220 203 3634 3707 3708 
6221 203 3639 3643 3709 
6222 203 3643 3698 3709 
6223 203 3658 3648 3710 
6224 203 3702 3658 3710 
6225 203 3648 3699 3710 
6226 203 3659 3654 3711 
6227 203 3654 3704 3711 
6228 203 3646 3657 3712 
6229 203 3657 3708 3712 
6230 203 3627 3671 3713 
6231 203 3700 3627 3713 
6232 203 3671 3688 3713 
6233 203 3632 3673 3714 
6234 203 3673 3692 3714 
6235 203 3662 3641 3715 
6236 203 3641 3700 3715 
6237 203 3663 3653 3716 
6238 203 3653 3689 3716 
6239 203 3664 3646 3717 
6240 203 3646 3712 3717 
6241 203 3652 3635 3718 
6242 203 3650 3652 3719 
6243 203 3652 3718 3719 
6244 203 3635 3668 3720 
6245 203 3668 3691 3720 
6246 203 3636 3665 3721 
6247 203 3665 3697 3721 
6248 203 3672 3650 3722 
6249 203 3650 3719 3722 
6250 203 3639 3709 3705 
6251 203 3670 3681 3723 
6252 203 3690 3672 3722 
6253 203 3694 3644 3695 
6254 203 3675 3670 3724 
6255 203 3659 3711 3687 
6256 203 3635 3720 3718 
6257 203 3689 3661 3725 
6258 203 3661 3656 3725 
6259 203 3632 3714 3699 
6260 203 3637 3703 3723 
6261 203 3664 3717 3691 
6262 203 3655 3705 3685 
6263 203 3636 3721 3696 
6264 203 3680 3675 3724 
6265 203 3662 3715 3707 
6266 203 3679 3663 3716 
6267 203 3669 3684 3726 
6268 203 3667 3677 3727 
6269 203 3669 3726 3701 
6270 203 3649 3638 3726 
6271 203 3677 3701 3727 
6272 203 3670 3723 3724 
6273 203 3656 3706 3725 
6274 203 3667 3727 3682 
6275 203 3726 3638 3687 
6276 203 3690 3722 3728 
6277 203 3725 3706 3729 
6278 203 3687 3711 3730 
6279 203 3726 3687 3731 
6280 203 3701 3726 3731 
6281 203 3687 3730 3731 
6282 203 3682 3727 3732 
6283 203 3688 3702 3733 
6284 203 3702 3710 3733 
6285 203 3703 3683 3734 
6286 203 3686 3679 3735 
6287 203 3718 3720 3736 
6288 203 3683 3682 3737 
6289 203 3682 3732 3737 
6290 203 3723 3703 3738 
6291 203 3724 3723 3738 
6292 203 3703 3734 3738 
6293 203 3691 3717 3739 
6294 203 3695 3680 3740 
6295 203 3699 3714 3741 
6296 203 3707 3715 3742 
6297 203 3680 3724 3743 
6298 203 3740 3680 3743 
6299 203 3724 3738 3743 
6300 203 3694 3695 3744 
6301 203 3695 3740 3744 
6302 203 3696 3721 3745 
6303 203 3698 3686 3746 
6304 203 3686 3735 3746 
6305 203 3708 3707 3747 
6306 203 3707 3742 3747 
6307 203 3651 3637 3723 
6308 203 3727 3701 3748 
6309 203 3732 3727 3748 
6310 203 3701 3731 3748 
6311 203 3706 3696 3749 
6312 203 3696 3745 3749 
6313 203 3704 3690 3750 
6314 203 3690 3728 3750 
6315 203 3697 3694 3751 
6316 203 3694 3744 3751 
6317 203 3678 3649 3684 
6318 203 3709 3698 3752 
6319 203 3698 3746 3752 
6320 203 3712 3708 3753 
6321 203 3708 3747 3753 
6322 203 3685 3705 3754 
6323 203 3719 3718 3755 
6324 203 3718 3736 3755 
6325 203 3716 3689 3756 
6326 203 3717 3712 3757 
6327 203 3712 3753 3757 
6328 203 3689 3725 3758 
6329 203 3725 3729 3758 
6330 203 3705 3709 3759 
6331 203 3709 3752 3759 
6332 203 3720 3691 3760 
6333 203 3691 3739 3760 
6334 203 3721 3697 3761 
6335 203 3697 3751 3761 
6336 203 3722 3719 3762 
6337 203 3719 3755 3762 
6338 203 3684 3649 3726 
6339 203 3705 3759 3754 
6340 203 3706 3749 3729 
6341 203 3688 3733 3713 
6342 203 3734 3683 3737 
6343 203 3721 3761 3745 
6344 203 3685 3754 3693 
6345 203 3742 3715 3763 
6346 203 3715 3700 3763 
6347 203 3741 3714 3764 
6348 203 3714 3692 3764 
6349 203 3736 3720 3760 
6350 203 3739 3717 3757 
6351 203 3692 3693 3765 
6352 203 3764 3692 3765 
6353 203 3693 3754 3765 
6354 203 3722 3762 3728 
6355 203 3689 3758 3756 
6356 203 3735 3679 3766 
6357 203 3679 3716 3766 
6358 203 3684 3615 3678 
6359 203 3711 3704 3767 
6360 203 3730 3711 3767 
6361 203 3700 3713 3768 
6362 203 3763 3700 3768 
6363 203 3713 3733 3768 
6364 203 3710 3699 3769 
6365 203 3733 3710 3769 
6366 203 3699 3741 3769 
6367 203 3767 3704 3750 
6368 203 3766 3716 3756 
6369 203 3723 3681 3651 
6370 203 3757 3753 3770 
6371 203 3745 3761 3771 
6372 203 3744 3740 3772 
6373 203 3766 3756 3773 
6374 203 3737 3732 3774 
6375 203 3767 3750 3775 
6376 203 3746 3735 3776 
6377 203 3728 3762 3777 
6378 203 3749 3745 3778 
6379 203 3745 3771 3778 
6380 203 3747 3742 3779 
6381 203 3755 3736 3780 
6382 203 3752 3746 3781 
6383 203 3746 3776 3781 
6384 203 3730 3767 3782 
6385 203 3767 3775 3782 
6386 203 3750 3728 3783 
6387 203 3728 3777 3783 
6388 203 3751 3744 3784 
6389 203 3744 3772 3784 
6390 203 3731 3730 3748 
6391 203 3739 3757 3785 
6392 203 3757 3770 3785 
6393 203 3753 3747 3786 
6394 203 3747 3779 3786 
6395 203 3729 3749 3787 
6396 203 3749 3778 3787 
6397 203 3734 3737 3788 
6398 203 3737 3774 3788 
6399 203 3735 3766 3789 
6400 203 3766 3773 3789 
6401 203 3741 3764 3790 
6402 203 3758 3729 3791 
6403 203 3729 3787 3791 
6404 203 3759 3752 3792 
6405 203 3752 3781 3792 
6406 203 3760 3739 3793 
6407 203 3739 3785 3793 
6408 203 3761 3751 3794 
6409 203 3751 3784 3794 
6410 203 3762 3755 3795 
6411 203 3755 3780 3795 
6412 203 3771 3761 3794 
6413 203 3763 3768 3796 
6414 203 3775 3750 3783 
6415 203 3769 3741 3797 
6416 203 3741 3790 3797 
6417 203 3772 3740 3798 
6418 203 3740 3743 3798 
6419 203 3748 3730 3782 
6420 203 3738 3734 3798 
6421 203 3735 3789 3776 
6422 203 3770 3753 3786 
6423 203 3762 3795 3777 
6424 203 3754 3759 3799 
6425 203 3773 3756 3800 
6426 203 3756 3758 3800 
6427 203 3779 3742 3801 
6428 203 3742 3763 3801 
6429 203 3763 3796 3801 
6430 203 3732 3748 3782 
6431 203 3736 3760 3802 
6432 203 3780 3736 3802 
6433 203 3754 3799 3765 
6434 203 3758 3791 3800 
6435 203 3764 3765 3803 
6436 203 3790 3764 3803 
6437 203 3765 3799 3803 
6438 203 3799 3759 3792 
6439 203 3732 3782 3774 
6440 203 3802 3760 3793 
6441 203 3796 3768 3797 
6442 203 3775 3783 3804 
6443 203 3774 3782 3805 
6444 203 3782 3775 3805 
6445 203 3802 3793 3806 
6446 203 3776 3789 3807 
6447 203 3800 3791 3808 
6448 203 3777 3795 3809 
6449 203 3773 3800 3810 
6450 203 3800 3808 3810 
6451 203 3733 3769 3768 
6452 203 3771 3794 3811 
6453 203 3779 3801 3812 
6454 203 3781 3776 3813 
6455 203 3776 3807 3813 
6456 203 3778 3771 3814 
6457 203 3771 3811 3814 
6458 203 3783 3777 3815 
6459 203 3777 3809 3815 
6460 203 3784 3772 3816 
6461 203 3785 3770 3817 
6462 203 3780 3802 3818 
6463 203 3802 3806 3818 
6464 203 3786 3779 3819 
6465 203 3779 3812 3819 
6466 203 3801 3796 3820 
6467 203 3812 3801 3820 
6468 203 3796 3797 3820 
6469 203 3787 3778 3821 
6470 203 3778 3814 3821 
6471 203 3770 3786 3822 
6472 203 3786 3819 3822 
6473 203 3788 3774 3805 
6474 203 3789 3773 3823 
6475 203 3773 3810 3823 
6476 203 3792 3781 3824 
6477 203 3781 3813 3824 
6478 203 3793 3785 3825 
6479 203 3785 3817 3825 
6480 203 3794 3784 3826 
6481 203 3784 3816 3826 
6482 203 3795 3780 3827 
6483 203 3780 3818 3827 
6484 203 3768 3769 3797 
6485 203 3775 3804 3805 
6486 203 3789 3823 3807 
6487 203 3806 3793 3825 
6488 203 3797 3790 3828 
6489 203 3820 3797 3828 
6490 203 3790 3803 3828 
6491 203 3798 3734 3788 
6492 203 3770 3822 3817 
6493 203 3772 3798 3829 
6494 203 3816 3772 3829 
6495 203 3798 3788 3829 
6496 203 3795 3827 3809 
6497 203 3792 3824 3828 
6498 203 3799 3792 3828 
6499 203 3804 3783 3815 
6500 203 3811 3794 3826 
6501 203 3791 3787 3830 
6502 203 3808 3791 3830 
6503 203 3830 3787 3821 
6504 203 3743 3738 3798 
6505 203 3830 3821 3806 
6506 203 3809 3827 3811 
6507 203 3828 3824 3820 
6508 203 3830 3806 3825 
6509 203 3807 3823 3822 
6510 203 3817 3822 3823 
6511 203 3807 3819 3813 
6512 203 3805 3804 3816 
6513 203 3830 3825 3808 
6514 203 3814 3811 3827 
6515 203 3815 3809 3811 
6516 203 3818 3806 3821 
6517 203 3814 3827 3818 
6518 203 3811 3826 3815 
6519 203 3810 3808 3825 
6520 203 3804 3815 3826 
6521 203 3823 3810 3817 
6522 203 3824 3813 3812 
6523 203 3825 3817 3810 
6524 203 3826 3816 3804 
6525 203 3814 3818 3821 
6526 203 3824 3812 3820 
6527 203 3829 3788 3805 
6528 203 3829 3805 3816 
6529 203 3812 3813 3819 
6530 203 3819 3807 3822 
6531 203 3799 3828 3803 
