# step, loss_train, loss_test, metrics_test
0.000000000000000000e+00 2.425481579848565161e-05 1.202935180664062500e+03 2.478387207031250000e+03 2.425481579848565161e-05 1.202935180664062500e+03 2.478387207031250000e+03
1.000000000000000000e+02 6.040243625640869141e+00 7.882682495117187500e+02 1.864294067382812500e+03 6.040243625640869141e+00 7.882682495117187500e+02 1.864294067382812500e+03
2.000000000000000000e+02 2.415181398391723633e-01 5.645938720703125000e+02 1.511030395507812500e+03 2.415181398391723633e-01 5.645938720703125000e+02 1.511030395507812500e+03
3.000000000000000000e+02 5.354819819331169128e-02 5.076412963867187500e+02 1.417037231445312500e+03 5.354819819331169128e-02 5.076412963867187500e+02 1.417037231445312500e+03
4.000000000000000000e+02 1.842384226620197296e-02 4.694623107910156250e+02 1.352833374023437500e+03 1.842384226620197296e-02 4.694623107910156250e+02 1.352833374023437500e+03
5.000000000000000000e+02 8.108505047857761383e-03 4.377826538085937500e+02 1.298736694335937500e+03 8.108505047857761383e-03 4.377826538085937500e+02 1.298736694335937500e+03
6.000000000000000000e+02 4.160402808338403702e-03 4.095453186035156250e+02 1.249820068359375000e+03 4.160402808338403702e-03 4.095453186035156250e+02 1.249820068359375000e+03
7.000000000000000000e+02 2.369674853980541229e-03 3.835967407226562500e+02 1.204226684570312500e+03 2.369674853980541229e-03 3.835967407226562500e+02 1.204226684570312500e+03
8.000000000000000000e+02 1.455812016502022743e-03 3.593852233886718750e+02 1.161074218750000000e+03 1.455812016502022743e-03 3.593852233886718750e+02 1.161074218750000000e+03
9.000000000000000000e+02 9.470164077356457710e-04 3.366037902832031250e+02 1.119876098632812500e+03 9.470164077356457710e-04 3.366037902832031250e+02 1.119876098632812500e+03
1.000000000000000000e+03 6.441057776100933552e-04 3.150613098144531250e+02 1.080333374023437500e+03 6.441057776100933552e-04 3.150613098144531250e+02 1.080333374023437500e+03
1.100000000000000000e+03 4.539790097624063492e-04 2.946283569335937500e+02 1.042246337890625000e+03 4.539790097624063492e-04 2.946283569335937500e+02 1.042246337890625000e+03
1.200000000000000000e+03 3.294741618447005749e-04 2.752113647460937500e+02 1.005473632812500000e+03 3.294741618447005749e-04 2.752113647460937500e+02 1.005473632812500000e+03
1.300000000000000000e+03 2.450651081744581461e-04 2.567392578125000000e+02 9.699091186523437500e+02 2.450651081744581461e-04 2.567392578125000000e+02 9.699091186523437500e+02
1.400000000000000000e+03 1.861548225861042738e-04 2.391555786132812500e+02 9.354707031250000000e+02 1.861548225861042738e-04 2.391555786132812500e+02 9.354707031250000000e+02
1.500000000000000000e+03 1.440069463569670916e-04 2.224143981933593750e+02 9.020926513671875000e+02 1.440069463569670916e-04 2.224143981933593750e+02 9.020926513671875000e+02
1.600000000000000000e+03 1.131940516643226147e-04 2.064769744873046875e+02 8.697208862304687500e+02 1.131940516643226147e-04 2.064769744873046875e+02 8.697208862304687500e+02
1.700000000000000000e+03 9.023598977364599705e-05 1.913101654052734375e+02 8.383099975585937500e+02 9.023598977364599705e-05 1.913101654052734375e+02 8.383099975585937500e+02
1.800000000000000000e+03 7.284012826858088374e-05 1.768848114013671875e+02 8.078211059570312500e+02 7.284012826858088374e-05 1.768848114013671875e+02 8.078211059570312500e+02
1.900000000000000000e+03 5.945879820501431823e-05 1.631749114990234375e+02 7.782202758789062500e+02 5.945879820501431823e-05 1.631749114990234375e+02 7.782202758789062500e+02
2.000000000000000000e+03 4.902598448097705841e-05 1.501572113037109375e+02 7.494776611328125000e+02 4.902598448097705841e-05 1.501572113037109375e+02 7.494776611328125000e+02
2.100000000000000000e+03 4.079255450051277876e-05 1.378101959228515625e+02 7.215664672851562500e+02 4.079255450051277876e-05 1.378101959228515625e+02 7.215664672851562500e+02
2.200000000000000000e+03 3.422305599087849259e-05 1.261140823364257812e+02 6.944625244140625000e+02 3.422305599087849259e-05 1.261140823364257812e+02 6.944625244140625000e+02
2.300000000000000000e+03 2.892803786380682141e-05 1.150504684448242188e+02 6.681441650390625000e+02 2.892803786380682141e-05 1.150504684448242188e+02 6.681441650390625000e+02
2.400000000000000000e+03 2.462150769133586437e-05 1.046020126342773438e+02 6.425910644531250000e+02 2.462150769133586437e-05 1.046020126342773438e+02 6.425910644531250000e+02
2.500000000000000000e+03 2.108969056280329823e-05 9.475228118896484375e+01 6.177847290039062500e+02 2.108969056280329823e-05 9.475228118896484375e+01 6.177847290039062500e+02
2.600000000000000000e+03 1.817099473555572331e-05 8.548564910888671875e+01 5.937079467773437500e+02 1.817099473555572331e-05 8.548564910888671875e+01 5.937079467773437500e+02
2.700000000000000000e+03 1.574169982632156461e-05 7.678707122802734375e+01 5.703444213867187500e+02 1.574169982632156461e-05 7.678707122802734375e+01 5.703444213867187500e+02
2.800000000000000000e+03 1.370654899801593274e-05 6.864212036132812500e+01 5.476791381835937500e+02 1.370654899801593274e-05 6.864212036132812500e+01 5.476791381835937500e+02
2.900000000000000000e+03 1.199137477669864893e-05 6.103671646118164062e+01 5.256977539062500000e+02 1.199137477669864893e-05 6.103671646118164062e+01 5.256977539062500000e+02
3.000000000000000000e+03 1.053775940818013623e-05 5.395723724365234375e+01 5.043869018554687500e+02 1.053775940818013623e-05 5.395723724365234375e+01 5.043869018554687500e+02
3.100000000000000000e+03 9.299338671553414315e-06 4.739027786254882812e+01 4.837335815429687500e+02 9.299338671553414315e-06 4.739027786254882812e+01 4.837335815429687500e+02
3.200000000000000000e+03 8.239165254053659737e-06 4.132266235351562500e+01 4.637255554199218750e+02 8.239165254053659737e-06 4.132266235351562500e+01 4.637255554199218750e+02
3.300000000000000000e+03 7.327362254727631807e-06 3.574144363403320312e+01 4.443511657714843750e+02 7.327362254727631807e-06 3.574144363403320312e+01 4.443511657714843750e+02
3.400000000000000000e+03 6.539899914059787989e-06 3.063370132446289062e+01 4.255990295410156250e+02 6.539899914059787989e-06 3.063370132446289062e+01 4.255990295410156250e+02
3.500000000000000000e+03 5.857101314177270979e-06 2.598666763305664062e+01 4.074583740234375000e+02 5.857101314177270979e-06 2.598666763305664062e+01 4.074583740234375000e+02
3.600000000000000000e+03 5.262786089588189498e-06 2.178752326965332031e+01 3.899186706542968750e+02 5.262786089588189498e-06 2.178752326965332031e+01 3.899186706542968750e+02
3.700000000000000000e+03 4.743679710372816771e-06 1.802346038818359375e+01 3.729697265625000000e+02 4.743679710372816771e-06 1.802346038818359375e+01 3.729697265625000000e+02
3.800000000000000000e+03 4.288778654881753027e-06 1.468159675598144531e+01 3.566015014648437500e+02 4.288778654881753027e-06 1.468159675598144531e+01 3.566015014648437500e+02
3.900000000000000000e+03 3.888877927238354459e-06 1.174892902374267578e+01 3.408042602539062500e+02 3.888877927238354459e-06 1.174892902374267578e+01 3.408042602539062500e+02
4.000000000000000000e+03 3.536315261953859590e-06 9.212375640869140625e+00 3.255686950683593750e+02 3.536315261953859590e-06 9.212375640869140625e+00 3.255686950683593750e+02
4.100000000000000000e+03 3.224595957362907939e-06 7.058594703674316406e+00 3.108850708007812500e+02 3.224595957362907939e-06 7.058594703674316406e+00 3.108850708007812500e+02
4.200000000000000000e+03 2.948248720713309012e-06 5.274119853973388672e+00 2.967444763183593750e+02 2.948248720713309012e-06 5.274119853973388672e+00 2.967444763183593750e+02
4.300000000000000000e+03 2.702677420529653318e-06 3.845220327377319336e+00 2.831376647949218750e+02 2.702677420529653318e-06 3.845220327377319336e+00 2.831376647949218750e+02
4.400000000000000000e+03 2.483926664353930391e-06 2.757888317108154297e+00 2.700556030273437500e+02 2.483926664353930391e-06 2.757888317108154297e+00 2.700556030273437500e+02
4.500000000000000000e+03 2.288641326231299900e-06 1.997851014137268066e+00 2.574892578125000000e+02 2.288641326231299900e-06 1.997851014137268066e+00 2.574892578125000000e+02
4.600000000000000000e+03 2.113943310178001411e-06 1.550514340400695801e+00 2.454297027587890625e+02 2.113943310178001411e-06 1.550514340400695801e+00 2.454297027587890625e+02
4.700000000000000000e+03 1.957342192326905206e-06 1.400954961776733398e+00 2.338676452636718750e+02 1.957342192326905206e-06 1.400954961776733398e+00 2.338676452636718750e+02
4.800000000000000000e+03 1.816711233004753012e-06 1.533912777900695801e+00 2.227944793701171875e+02 1.816711233004753012e-06 1.533912777900695801e+00 2.227944793701171875e+02
4.900000000000000000e+03 1.690207909632590599e-06 1.933749794960021973e+00 2.122012023925781250e+02 1.690207909632590599e-06 1.933749794960021973e+00 2.122012023925781250e+02
5.000000000000000000e+03 1.576236513756157365e-06 2.584460020065307617e+00 2.020785827636718750e+02 1.576236513756157365e-06 2.584460020065307617e+00 2.020785827636718750e+02
5.100000000000000000e+03 1.473387328587705269e-06 3.469668388366699219e+00 1.924175720214843750e+02 1.473387328587705269e-06 3.469668388366699219e+00 1.924175720214843750e+02
5.200000000000000000e+03 1.380465732836455572e-06 4.572621345520019531e+00 1.832088623046875000e+02 1.380465732836455572e-06 4.572621345520019531e+00 1.832088623046875000e+02
5.300000000000000000e+03 1.296418417950917501e-06 5.876202583312988281e+00 1.744431762695312500e+02 1.296418417950917501e-06 5.876202583312988281e+00 1.744431762695312500e+02
5.400000000000000000e+03 1.220309286509291269e-06 7.362902164459228516e+00 1.661112518310546875e+02 1.220309286509291269e-06 7.362902164459228516e+00 1.661112518310546875e+02
5.500000000000000000e+03 1.151320930148358457e-06 9.014912605285644531e+00 1.582035064697265625e+02 1.151320930148358457e-06 9.014912605285644531e+00 1.582035064697265625e+02
5.600000000000000000e+03 1.088719159270112868e-06 1.081412792205810547e+01 1.507102203369140625e+02 1.088719159270112868e-06 1.081412792205810547e+01 1.507102203369140625e+02
5.700000000000000000e+03 1.031892338687612209e-06 1.274217128753662109e+01 1.436216888427734375e+02 1.031892338687612209e-06 1.274217128753662109e+01 1.436216888427734375e+02
5.800000000000000000e+03 9.802731710806256160e-07 1.478041648864746094e+01 1.369280700683593750e+02 9.802731710806256160e-07 1.478041648864746094e+01 1.369280700683593750e+02
5.900000000000000000e+03 9.333721777693426702e-07 1.691017913818359375e+01 1.306191558837890625e+02 9.333721777693426702e-07 1.691017913818359375e+01 1.306191558837890625e+02
6.000000000000000000e+03 8.907387041290348861e-07 1.911263465881347656e+01 1.246848602294921875e+02 8.907387041290348861e-07 1.911263465881347656e+01 1.246848602294921875e+02
6.100000000000000000e+03 8.519970720044511836e-07 2.136899566650390625e+01 1.191148223876953125e+02 8.519970720044511836e-07 2.136899566650390625e+01 1.191148223876953125e+02
6.200000000000000000e+03 8.167969554051524028e-07 2.366074943542480469e+01 1.138983306884765625e+02 8.167969554051524028e-07 2.366074943542480469e+01 1.138983306884765625e+02
6.300000000000000000e+03 7.848158816159411799e-07 2.596938133239746094e+01 1.090249786376953125e+02 7.848158816159411799e-07 2.596938133239746094e+01 1.090249786376953125e+02
6.400000000000000000e+03 7.557992489637399558e-07 2.827693748474121094e+01 1.044838943481445312e+02 7.557992489637399558e-07 2.827693748474121094e+01 1.044838943481445312e+02
6.500000000000000000e+03 7.294568717952643055e-07 3.056606101989746094e+01 1.002639694213867188e+02 7.294568717952643055e-07 3.056606101989746094e+01 1.002639694213867188e+02
6.600000000000000000e+03 7.055978699099796358e-07 3.282009887695312500e+01 9.635392761230468750e+01 7.055978699099796358e-07 3.282009887695312500e+01 9.635392761230468750e+01
6.700000000000000000e+03 6.840164701316098217e-07 3.502308273315429688e+01 9.274269866943359375e+01 6.840164701316098217e-07 3.502308273315429688e+01 9.274269866943359375e+01
6.800000000000000000e+03 6.645194616794469766e-07 3.716035079956054688e+01 8.941862487792968750e+01 6.645194616794469766e-07 3.716035079956054688e+01 8.941862487792968750e+01
6.900000000000000000e+03 6.469529125752160326e-07 3.921837234497070312e+01 8.637003326416015625e+01 6.469529125752160326e-07 3.921837234497070312e+01 8.637003326416015625e+01
7.000000000000000000e+03 6.311598212960234378e-07 4.118502807617187500e+01 8.358508300781250000e+01 6.311598212960234378e-07 4.118502807617187500e+01 8.358508300781250000e+01
7.100000000000000000e+03 6.170316169118450489e-07 4.304985427856445312e+01 8.105167388916015625e+01 6.170316169118450489e-07 4.304985427856445312e+01 8.105167388916015625e+01
7.200000000000000000e+03 6.043773623787274119e-07 4.480397033691406250e+01 7.875770568847656250e+01 6.043773623787274119e-07 4.480397033691406250e+01 7.875770568847656250e+01
7.300000000000000000e+03 5.931383384449873120e-07 4.644043731689453125e+01 7.669071197509765625e+01 5.931383384449873120e-07 4.644043731689453125e+01 7.669071197509765625e+01
7.400000000000000000e+03 5.831691396451788023e-07 4.795427322387695312e+01 7.483808135986328125e+01 5.831691396451788023e-07 4.795427322387695312e+01 7.483808135986328125e+01
7.500000000000000000e+03 5.743777933275850955e-07 4.934234237670898438e+01 7.318711853027343750e+01 5.743777933275850955e-07 4.934234237670898438e+01 7.318711853027343750e+01
7.600000000000000000e+03 5.666617539645812940e-07 5.060347366333007812e+01 7.172511291503906250e+01 5.666617539645812940e-07 5.060347366333007812e+01 7.172511291503906250e+01
7.700000000000000000e+03 5.599379164777928963e-07 5.173861312866210938e+01 7.043885040283203125e+01 5.599379164777928963e-07 5.173861312866210938e+01 7.043885040283203125e+01
7.800000000000000000e+03 5.541089649341301993e-07 5.275013732910156250e+01 6.931555938720703125e+01 5.541089649341301993e-07 5.275013732910156250e+01 6.931555938720703125e+01
7.900000000000000000e+03 5.490991838996706065e-07 5.364234924316406250e+01 6.834213256835937500e+01 5.490991838996706065e-07 5.364234924316406250e+01 6.834213256835937500e+01
8.000000000000000000e+03 5.448410433928074781e-07 5.442128372192382812e+01 6.750530242919921875e+01 5.448410433928074781e-07 5.442128372192382812e+01 6.750530242919921875e+01
8.100000000000000000e+03 5.412475161392649170e-07 5.509346008300781250e+01 6.679266357421875000e+01 5.412475161392649170e-07 5.509346008300781250e+01 6.679266357421875000e+01
8.200000000000000000e+03 5.382588597058202140e-07 5.566703796386718750e+01 6.619141387939453125e+01 5.382588597058202140e-07 5.566703796386718750e+01 6.619141387939453125e+01
8.300000000000000000e+03 5.357879331313597504e-07 5.615050506591796875e+01 6.568941497802734375e+01 5.357879331313597504e-07 5.615050506591796875e+01 6.568941497802734375e+01
8.400000000000000000e+03 5.337836341823276598e-07 5.655308914184570312e+01 6.527473449707031250e+01 5.337836341823276598e-07 5.655308914184570312e+01 6.527473449707031250e+01
8.500000000000000000e+03 5.321732032825821079e-07 5.688376235961914062e+01 6.493635559082031250e+01 5.321732032825821079e-07 5.688376235961914062e+01 6.493635559082031250e+01
8.600000000000000000e+03 5.309008770382206421e-07 5.715178680419921875e+01 6.466354370117187500e+01 5.309008770382206421e-07 5.715178680419921875e+01 6.466354370117187500e+01
8.700000000000000000e+03 5.299440317685366608e-07 5.736588668823242188e+01 6.444653320312500000e+01 5.299440317685366608e-07 5.736588668823242188e+01 6.444653320312500000e+01
8.800000000000000000e+03 5.292272931001207326e-07 5.753435897827148438e+01 6.427637481689453125e+01 5.292272931001207326e-07 5.753435897827148438e+01 6.427637481689453125e+01
8.900000000000000000e+03 5.287047883939521853e-07 5.766493225097656250e+01 6.414483642578125000e+01 5.287047883939521853e-07 5.766493225097656250e+01 6.414483642578125000e+01
9.000000000000000000e+03 5.283532118482980877e-07 5.776439666748046875e+01 6.404485321044921875e+01 5.283532118482980877e-07 5.776439666748046875e+01 6.404485321044921875e+01
9.100000000000000000e+03 5.281302719595259987e-07 5.783890151977539062e+01 6.397005462646484375e+01 5.281302719595259987e-07 5.783890151977539062e+01 6.397005462646484375e+01
9.200000000000000000e+03 5.280076038616243750e-07 5.789385223388671875e+01 6.391495895385742188e+01 5.280076038616243750e-07 5.789385223388671875e+01 6.391495895385742188e+01
9.300000000000000000e+03 5.279696893012442160e-07 5.793302917480468750e+01 6.387571334838867188e+01 5.279696893012442160e-07 5.793302917480468750e+01 6.387571334838867188e+01
9.400000000000000000e+03 5.279968036120408215e-07 5.796101379394531250e+01 6.384769058227539062e+01 5.279968036120408215e-07 5.796101379394531250e+01 6.384769058227539062e+01
9.500000000000000000e+03 5.280902541926479898e-07 5.798020553588867188e+01 6.382847213745117188e+01 5.280902541926479898e-07 5.798020553588867188e+01 6.382847213745117188e+01
9.600000000000000000e+03 5.282295774122758303e-07 5.799304580688476562e+01 6.381563949584960938e+01 5.282295774122758303e-07 5.799304580688476562e+01 6.381563949584960938e+01
9.700000000000000000e+03 5.284065309751895256e-07 5.800172424316406250e+01 6.380694961547851562e+01 5.284065309751895256e-07 5.800172424316406250e+01 6.380694961547851562e+01
9.800000000000000000e+03 5.286092914502660278e-07 5.800711441040039062e+01 6.380155944824218750e+01 5.286092914502660278e-07 5.800711441040039062e+01 6.380155944824218750e+01
9.900000000000000000e+03 5.288339366416039411e-07 5.801140213012695312e+01 6.379726791381835938e+01 5.288339366416039411e-07 5.801140213012695312e+01 6.379726791381835938e+01
1.000000000000000000e+04 5.290750095809926279e-07 5.801145935058593750e+01 6.379721069335937500e+01 5.290750095809926279e-07 5.801145935058593750e+01 6.379721069335937500e+01
1.010000000000000000e+04 5.293387630445067771e-07 5.801151657104492188e+01 6.379715347290039062e+01 5.293387630445067771e-07 5.801151657104492188e+01 6.379715347290039062e+01
1.020000000000000000e+04 5.296254244058218319e-07 5.801169586181640625e+01 6.379697799682617188e+01 5.296254244058218319e-07 5.801169586181640625e+01 6.379697799682617188e+01
1.030000000000000000e+04 5.299386884871637449e-07 5.801193618774414062e+01 6.379673004150390625e+01 5.299386884871637449e-07 5.801193618774414062e+01 6.379673004150390625e+01
1.040000000000000000e+04 5.302773047333175782e-07 5.801211929321289062e+01 6.379655838012695312e+01 5.302773047333175782e-07 5.801211929321289062e+01 6.379655838012695312e+01
1.050000000000000000e+04 5.306476396071957424e-07 5.801229858398437500e+01 6.379636383056640625e+01 5.306476396071957424e-07 5.801229858398437500e+01 6.379636383056640625e+01
1.060000000000000000e+04 5.310491815180284902e-07 5.801249694824218750e+01 6.379616165161132812e+01 5.310491815180284902e-07 5.801249694824218750e+01 6.379616165161132812e+01
1.070000000000000000e+04 5.314877853379584849e-07 5.801272964477539062e+01 6.379593658447265625e+01 5.314877853379584849e-07 5.801272964477539062e+01 6.379593658447265625e+01
1.080000000000000000e+04 5.319606088960426860e-07 5.801287460327148438e+01 6.379579925537109375e+01 5.319606088960426860e-07 5.801287460327148438e+01 6.379579925537109375e+01
1.090000000000000000e+04 5.324757239577593282e-07 5.801300811767578125e+01 6.379566955566406250e+01 5.324757239577593282e-07 5.801300811767578125e+01 6.379566955566406250e+01
1.100000000000000000e+04 5.330413159754243679e-07 5.801316452026367188e+01 6.379549789428710938e+01 5.330413159754243679e-07 5.801316452026367188e+01 6.379549789428710938e+01
1.110000000000000000e+04 5.336611934581014793e-07 5.801331710815429688e+01 6.379535675048828125e+01 5.336611934581014793e-07 5.801331710815429688e+01 6.379535675048828125e+01
1.120000000000000000e+04 5.343416091818653513e-07 5.801350021362304688e+01 6.379517745971679688e+01 5.343416091818653513e-07 5.801350021362304688e+01 6.379517745971679688e+01
1.130000000000000000e+04 5.350872243070625700e-07 5.801357650756835938e+01 6.379508590698242188e+01 5.350872243070625700e-07 5.801357650756835938e+01 6.379508590698242188e+01
1.140000000000000000e+04 5.359057695386582054e-07 5.801377105712890625e+01 6.379490661621093750e+01 5.359057695386582054e-07 5.801377105712890625e+01 6.379490661621093750e+01
1.150000000000000000e+04 5.367970175029768143e-07 5.801382446289062500e+01 6.379484558105468750e+01 5.367970175029768143e-07 5.801382446289062500e+01 6.379484558105468750e+01
1.160000000000000000e+04 5.377718821364396717e-07 5.801396942138671875e+01 6.379470062255859375e+01 5.377718821364396717e-07 5.801396942138671875e+01 6.379470062255859375e+01
1.170000000000000000e+04 5.388394015426456463e-07 5.801405334472656250e+01 6.379461669921875000e+01 5.388394015426456463e-07 5.801405334472656250e+01 6.379461669921875000e+01
1.180000000000000000e+04 5.400111149356234819e-07 5.801417922973632812e+01 6.379448318481445312e+01 5.400111149356234819e-07 5.801417922973632812e+01 6.379448318481445312e+01
1.190000000000000000e+04 5.412985615294019226e-07 5.801425552368164062e+01 6.379441070556640625e+01 5.412985615294019226e-07 5.801425552368164062e+01 6.379441070556640625e+01
1.200000000000000000e+04 5.427145310932246502e-07 5.801436996459960938e+01 6.379430007934570312e+01 5.427145310932246502e-07 5.801436996459960938e+01 6.379430007934570312e+01
1.210000000000000000e+04 5.442686870082980022e-07 5.801449584960937500e+01 6.379416275024414062e+01 5.442686870082980022e-07 5.801449584960937500e+01 6.379416275024414062e+01
1.220000000000000000e+04 5.459731937662581913e-07 5.801453399658203125e+01 6.379413223266601562e+01 5.459731937662581913e-07 5.801453399658203125e+01 6.379413223266601562e+01
1.230000000000000000e+04 5.478468096953292843e-07 5.801462173461914062e+01 6.379405593872070312e+01 5.478468096953292843e-07 5.801462173461914062e+01 6.379405593872070312e+01
1.240000000000000000e+04 5.499045983015093952e-07 5.801470947265625000e+01 6.379396057128906250e+01 5.499045983015093952e-07 5.801470947265625000e+01 6.379396057128906250e+01
1.250000000000000000e+04 5.521645221051585395e-07 5.801479339599609375e+01 6.379386520385742188e+01 5.521645221051585395e-07 5.801479339599609375e+01 6.379386520385742188e+01
1.260000000000000000e+04 5.546562533709220588e-07 5.801483917236328125e+01 6.379383468627929688e+01 5.546562533709220588e-07 5.801483917236328125e+01 6.379383468627929688e+01
1.270000000000000000e+04 5.573969588112959173e-07 5.801489639282226562e+01 6.379375839233398438e+01 5.573969588112959173e-07 5.801489639282226562e+01 6.379375839233398438e+01
1.280000000000000000e+04 5.604110810963902622e-07 5.801498413085937500e+01 6.379368209838867188e+01 5.604110810963902622e-07 5.801498413085937500e+01 6.379368209838867188e+01
1.290000000000000000e+04 5.637268145619600546e-07 5.801504898071289062e+01 6.379360961914062500e+01 5.637268145619600546e-07 5.801504898071289062e+01 6.379360961914062500e+01
1.300000000000000000e+04 5.673941814166028053e-07 5.801513671875000000e+01 6.379352569580078125e+01 5.673941814166028053e-07 5.801513671875000000e+01 6.379352569580078125e+01
1.310000000000000000e+04 5.714536541745474096e-07 5.801512527465820312e+01 6.379354095458984375e+01 5.714536541745474096e-07 5.801512527465820312e+01 6.379354095458984375e+01
1.320000000000000000e+04 5.759450800724152941e-07 5.801519393920898438e+01 6.379347610473632812e+01 5.759450800724152941e-07 5.801519393920898438e+01 6.379347610473632812e+01
1.330000000000000000e+04 5.809055210193037055e-07 5.801526260375976562e+01 6.379340744018554688e+01 5.809055210193037055e-07 5.801526260375976562e+01 6.379340744018554688e+01
1.340000000000000000e+04 5.864008016942534596e-07 5.801533508300781250e+01 6.379334259033203125e+01 5.864008016942534596e-07 5.801533508300781250e+01 6.379334259033203125e+01
1.350000000000000000e+04 5.924894139752723277e-07 5.801537704467773438e+01 6.379329681396484375e+01 5.924894139752723277e-07 5.801537704467773438e+01 6.379329681396484375e+01
1.360000000000000000e+04 5.992475848870526534e-07 5.801536560058593750e+01 6.379330444335937500e+01 5.992475848870526534e-07 5.801536560058593750e+01 6.379330444335937500e+01
1.370000000000000000e+04 6.067681965760129970e-07 5.801543426513671875e+01 6.379323577880859375e+01 6.067681965760129970e-07 5.801543426513671875e+01 6.379323577880859375e+01
1.380000000000000000e+04 6.151250317998346873e-07 5.801548004150390625e+01 6.379319381713867188e+01 6.151250317998346873e-07 5.801548004150390625e+01 6.379319381713867188e+01
1.390000000000000000e+04 6.244285373213642742e-07 5.801552963256835938e+01 6.379314422607421875e+01 6.244285373213642742e-07 5.801552963256835938e+01 6.379314422607421875e+01
1.400000000000000000e+04 6.348189458549313713e-07 5.801552200317382812e+01 6.379314422607421875e+01 6.348189458549313713e-07 5.801552200317382812e+01 6.379314422607421875e+01
1.410000000000000000e+04 6.464698572017368861e-07 5.801555633544921875e+01 6.379309844970703125e+01 6.464698572017368861e-07 5.801555633544921875e+01 6.379309844970703125e+01
1.420000000000000000e+04 6.595307127099658828e-07 5.801559448242187500e+01 6.379306411743164062e+01 6.595307127099658828e-07 5.801559448242187500e+01 6.379306411743164062e+01
1.430000000000000000e+04 6.741685183442314155e-07 5.801565170288085938e+01 6.379301452636718750e+01 6.741685183442314155e-07 5.801565170288085938e+01 6.379301452636718750e+01
1.440000000000000000e+04 6.906783482918399386e-07 5.801568603515625000e+01 6.379297637939453125e+01 6.906783482918399386e-07 5.801568603515625000e+01 6.379297637939453125e+01
1.450000000000000000e+04 7.093146336956124287e-07 5.801566314697265625e+01 6.379300308227539062e+01 7.093146336956124287e-07 5.801566314697265625e+01 6.379300308227539062e+01
1.460000000000000000e+04 7.304276437025691848e-07 5.801569366455078125e+01 6.379296493530273438e+01 7.304276437025691848e-07 5.801569366455078125e+01 6.379296493530273438e+01
1.470000000000000000e+04 7.544190339103806764e-07 5.801573181152343750e+01 6.379292297363281250e+01 7.544190339103806764e-07 5.801573181152343750e+01 6.379292297363281250e+01
1.480000000000000000e+04 7.817466212145518512e-07 5.801577377319335938e+01 6.379289245605468750e+01 7.817466212145518512e-07 5.801577377319335938e+01 6.379289245605468750e+01
1.490000000000000000e+04 8.130402306960604619e-07 5.801575088500976562e+01 6.379291534423828125e+01 8.130402306960604619e-07 5.801575088500976562e+01 6.379291534423828125e+01
1.500000000000000000e+04 8.490079608236555941e-07 5.801580429077148438e+01 6.379286956787109375e+01 8.490079608236555941e-07 5.801580429077148438e+01 6.379286956787109375e+01
1.510000000000000000e+04 8.905385584512259811e-07 5.801581573486328125e+01 6.379284286499023438e+01 8.905385584512259811e-07 5.801581573486328125e+01 6.379284286499023438e+01
1.520000000000000000e+04 9.387981663167010993e-07 5.801586914062500000e+01 6.379281234741210938e+01 9.387981663167010993e-07 5.801586914062500000e+01 6.379281234741210938e+01
1.530000000000000000e+04 9.951301080945995636e-07 5.801589202880859375e+01 6.379274368286132812e+01 9.951301080945995636e-07 5.801589202880859375e+01 6.379274368286132812e+01
1.540000000000000000e+04 1.061401690094498917e-06 5.801585006713867188e+01 6.379279327392578125e+01 1.061401690094498917e-06 5.801585006713867188e+01 6.379279327392578125e+01
1.550000000000000000e+04 1.139884261647239327e-06 5.801585006713867188e+01 6.379278945922851562e+01 1.139884261647239327e-06 5.801585006713867188e+01 6.379278945922851562e+01
1.560000000000000000e+04 1.233641455655742902e-06 5.801587677001953125e+01 6.379279327392578125e+01 1.233641455655742902e-06 5.801587677001953125e+01 6.379279327392578125e+01
1.570000000000000000e+04 1.346650719824538101e-06 5.801588821411132812e+01 6.379275512695312500e+01 1.346650719824538101e-06 5.801588821411132812e+01 6.379275512695312500e+01
1.580000000000000000e+04 1.484247263761062641e-06 5.801593017578125000e+01 6.379271316528320312e+01 1.484247263761062641e-06 5.801593017578125000e+01 6.379271316528320312e+01
1.590000000000000000e+04 1.653879508012323640e-06 5.801591491699218750e+01 6.379271316528320312e+01 1.653879508012323640e-06 5.801591491699218750e+01 6.379271316528320312e+01
1.600000000000000000e+04 1.865782223831047304e-06 5.801591491699218750e+01 6.379268646240234375e+01 1.865782223831047304e-06 5.801591491699218750e+01 6.379268646240234375e+01
1.610000000000000000e+04 2.134419901267392561e-06 5.801593017578125000e+01 6.379268264770507812e+01 2.134419901267392561e-06 5.801593017578125000e+01 6.379268264770507812e+01
1.620000000000000000e+04 2.481089723005425185e-06 5.801599121093750000e+01 6.379264450073242188e+01 2.481089723005425185e-06 5.801599121093750000e+01 6.379264450073242188e+01
1.630000000000000000e+04 2.937458475571474992e-06 5.801593017578125000e+01 6.379266357421875000e+01 2.937458475571474992e-06 5.801593017578125000e+01 6.379266357421875000e+01
1.640000000000000000e+04 3.551847385097062215e-06 5.801594924926757812e+01 6.379264831542968750e+01 3.551847385097062215e-06 5.801594924926757812e+01 6.379264831542968750e+01
1.650000000000000000e+04 4.400973921292461455e-06 5.801596832275390625e+01 6.379262161254882812e+01 4.400973921292461455e-06 5.801596832275390625e+01 6.379262161254882812e+01
1.660000000000000000e+04 5.610527296084910631e-06 5.801600265502929688e+01 6.379259872436523438e+01 5.610527296084910631e-06 5.801600265502929688e+01 6.379259872436523438e+01
1.670000000000000000e+04 7.392909537884406745e-06 5.801602554321289062e+01 6.379256057739257812e+01 7.392909537884406745e-06 5.801602554321289062e+01 6.379256057739257812e+01
1.680000000000000000e+04 1.012057964544510469e-05 5.801601791381835938e+01 6.379259872436523438e+01 1.012057964544510469e-05 5.801601791381835938e+01 6.379259872436523438e+01
1.690000000000000000e+04 1.446381338610081002e-05 5.801601409912109375e+01 6.379258346557617188e+01 1.446381338610081002e-05 5.801601409912109375e+01 6.379258346557617188e+01
1.700000000000000000e+04 2.162993951060343534e-05 5.801599884033203125e+01 6.379252624511718750e+01 2.162993951060343534e-05 5.801599884033203125e+01 6.379252624511718750e+01
1.710000000000000000e+04 3.364552321727387607e-05 5.801596832275390625e+01 6.379255294799804688e+01 3.364552321727387607e-05 5.801596832275390625e+01 6.379255294799804688e+01
1.720000000000000000e+04 5.309066546033136547e-05 5.801594161987304688e+01 6.379249572753906250e+01 5.309066546033136547e-05 5.801594161987304688e+01 6.379249572753906250e+01
1.730000000000000000e+04 8.044372953008860350e-05 5.801596069335937500e+01 6.379248046875000000e+01 8.044372953008860350e-05 5.801596069335937500e+01 6.379248046875000000e+01
1.740000000000000000e+04 1.096979467547498643e-04 5.801593399047851562e+01 6.379243469238281250e+01 1.096979467547498643e-04 5.801593399047851562e+01 6.379243469238281250e+01
1.750000000000000000e+04 1.329576189164072275e-04 5.801589202880859375e+01 6.379236221313476562e+01 1.329576189164072275e-04 5.801589202880859375e+01 6.379236221313476562e+01
1.760000000000000000e+04 1.511821901658549905e-04 5.801581573486328125e+01 6.379241180419921875e+01 1.511821901658549905e-04 5.801581573486328125e+01 6.379241180419921875e+01
1.770000000000000000e+04 1.713512028800323606e-04 5.801584625244140625e+01 6.379238128662109375e+01 1.713512028800323606e-04 5.801584625244140625e+01 6.379238128662109375e+01
1.780000000000000000e+04 2.013989869737997651e-04 5.801557540893554688e+01 6.379243087768554688e+01 2.013989869737997651e-04 5.801557540893554688e+01 6.379243087768554688e+01
1.790000000000000000e+04 2.559708373155444860e-04 5.801528930664062500e+01 6.379253387451171875e+01 2.559708373155444860e-04 5.801528930664062500e+01 6.379253387451171875e+01
1.800000000000000000e+04 3.878294373862445354e-04 5.801384353637695312e+01 6.379358673095703125e+01 3.878294373862445354e-04 5.801384353637695312e+01 6.379358673095703125e+01
1.810000000000000000e+04 1.157061429694294930e-03 5.798672485351562500e+01 6.381830215454101562e+01 1.157061429694294930e-03 5.798672485351562500e+01 6.381830215454101562e+01
1.820000000000000000e+04 8.407425135374069214e-02 5.470356369018554688e+01 6.627587127685546875e+01 8.407425135374069214e-02 5.470356369018554688e+01 6.627587127685546875e+01
1.830000000000000000e+04 2.237225323915481567e-01 5.426195144653320312e+01 6.509548950195312500e+01 2.237225323915481567e-01 5.426195144653320312e+01 6.509548950195312500e+01
1.840000000000000000e+04 3.443997502326965332e-01 5.399179458618164062e+01 6.341867828369140625e+01 3.443997502326965332e-01 5.399179458618164062e+01 6.341867828369140625e+01
1.850000000000000000e+04 1.658923774957656860e-01 5.384180068969726562e+01 6.230927276611328125e+01 1.658923774957656860e-01 5.384180068969726562e+01 6.230927276611328125e+01
1.860000000000000000e+04 2.019240409135818481e-01 5.324571609497070312e+01 6.197283172607421875e+01 2.019240409135818481e-01 5.324571609497070312e+01 6.197283172607421875e+01
1.870000000000000000e+04 3.887829184532165527e-01 5.301530838012695312e+01 6.202457427978515625e+01 3.887829184532165527e-01 5.301530838012695312e+01 6.202457427978515625e+01
1.880000000000000000e+04 1.334480196237564087e-01 5.154279708862304688e+01 6.189399719238281250e+01 1.334480196237564087e-01 5.154279708862304688e+01 6.189399719238281250e+01
1.890000000000000000e+04 6.535544991493225098e-01 5.064630508422851562e+01 6.229753494262695312e+01 6.535544991493225098e-01 5.064630508422851562e+01 6.229753494262695312e+01
1.900000000000000000e+04 1.369348019361495972e-01 5.022240829467773438e+01 6.148454666137695312e+01 1.369348019361495972e-01 5.022240829467773438e+01 6.148454666137695312e+01
1.910000000000000000e+04 1.988299041986465454e-01 4.898440933227539062e+01 6.266584777832031250e+01 1.988299041986465454e-01 4.898440933227539062e+01 6.266584777832031250e+01
1.920000000000000000e+04 1.492638736963272095e-01 4.928183746337890625e+01 6.118329238891601562e+01 1.492638736963272095e-01 4.928183746337890625e+01 6.118329238891601562e+01
1.930000000000000000e+04 2.864773511886596680e+00 6.024426651000976562e+01 5.122368621826171875e+01 2.864773511886596680e+00 6.024426651000976562e+01 5.122368621826171875e+01
1.940000000000000000e+04 1.544853299856185913e-01 4.864202499389648438e+01 6.084180068969726562e+01 1.544853299856185913e-01 4.864202499389648438e+01 6.084180068969726562e+01
1.950000000000000000e+04 2.157901078462600708e-01 4.741862106323242188e+01 6.082771301269531250e+01 2.157901078462600708e-01 4.741862106323242188e+01 6.082771301269531250e+01
1.960000000000000000e+04 2.669601142406463623e-01 4.740722274780273438e+01 6.107101058959960938e+01 2.669601142406463623e-01 4.740722274780273438e+01 6.107101058959960938e+01
1.970000000000000000e+04 2.112763822078704834e-01 4.706287384033203125e+01 6.032608413696289062e+01 2.112763822078704834e-01 4.706287384033203125e+01 6.032608413696289062e+01
1.980000000000000000e+04 1.286024284362792969e+01 5.367337799072265625e+01 5.395212173461914062e+01 1.286024284362792969e+01 5.367337799072265625e+01 5.395212173461914062e+01
1.990000000000000000e+04 1.905608624219894409e-01 4.705300140380859375e+01 5.957361984252929688e+01 1.905608624219894409e-01 4.705300140380859375e+01 5.957361984252929688e+01
2.000000000000000000e+04 2.693806588649749756e-01 4.562108993530273438e+01 5.991997909545898438e+01 2.693806588649749756e-01 4.562108993530273438e+01 5.991997909545898438e+01
2.010000000000000000e+04 2.230463176965713501e-01 4.771981430053710938e+01 5.836989212036132812e+01 2.230463176965713501e-01 4.771981430053710938e+01 5.836989212036132812e+01
2.020000000000000000e+04 2.071646302938461304e-01 4.600933074951171875e+01 5.908503341674804688e+01 2.071646302938461304e-01 4.600933074951171875e+01 5.908503341674804688e+01
2.030000000000000000e+04 2.895835638046264648e-01 4.461417388916015625e+01 5.945128631591796875e+01 2.895835638046264648e-01 4.461417388916015625e+01 5.945128631591796875e+01
2.040000000000000000e+04 3.920822739601135254e-01 4.629285430908203125e+01 5.828159332275390625e+01 3.920822739601135254e-01 4.629285430908203125e+01 5.828159332275390625e+01
2.050000000000000000e+04 2.225577682256698608e-01 4.501345825195312500e+01 5.856813812255859375e+01 2.225577682256698608e-01 4.501345825195312500e+01 5.856813812255859375e+01
2.060000000000000000e+04 3.037990629673004150e-01 4.362041473388671875e+01 5.895796585083007812e+01 3.037990629673004150e-01 4.362041473388671875e+01 5.895796585083007812e+01
2.070000000000000000e+04 1.714288294315338135e-01 4.620197296142578125e+01 5.712227630615234375e+01 1.714288294315338135e-01 4.620197296142578125e+01 5.712227630615234375e+01
2.080000000000000000e+04 2.186332643032073975e-01 4.426372909545898438e+01 5.803498077392578125e+01 2.186332643032073975e-01 4.426372909545898438e+01 5.803498077392578125e+01
2.090000000000000000e+04 2.958395481109619141e-01 4.289205551147460938e+01 5.844340133666992188e+01 2.958395481109619141e-01 4.289205551147460938e+01 5.844340133666992188e+01
2.100000000000000000e+04 2.783715426921844482e-01 4.639934539794921875e+01 5.605983734130859375e+01 2.783715426921844482e-01 4.639934539794921875e+01 5.605983734130859375e+01
2.110000000000000000e+04 1.724292337894439697e-01 4.432938003540039062e+01 5.711397171020507812e+01 1.724292337894439697e-01 4.432938003540039062e+01 5.711397171020507812e+01
2.120000000000000000e+04 2.518858313560485840e-01 4.272405624389648438e+01 5.779767990112304688e+01 2.518858313560485840e-01 4.272405624389648438e+01 5.779767990112304688e+01
2.130000000000000000e+04 7.948007965087890625e+01 4.206591415405273438e+01 5.750090408325195312e+01 7.948007965087890625e+01 4.206591415405273438e+01 5.750090408325195312e+01
2.140000000000000000e+04 1.282970607280731201e-01 4.578907394409179688e+01 5.518056106567382812e+01 1.282970607280731201e-01 4.578907394409179688e+01 5.518056106567382812e+01
2.150000000000000000e+04 1.761669963598251343e-01 4.335725784301757812e+01 5.664033889770507812e+01 1.761669963598251343e-01 4.335725784301757812e+01 5.664033889770507812e+01
2.160000000000000000e+04 2.507832348346710205e-01 4.189403915405273438e+01 5.723368835449218750e+01 2.507832348346710205e-01 4.189403915405273438e+01 5.723368835449218750e+01
2.170000000000000000e+04 4.630965423583984375e+01 4.431678009033203125e+01 5.476705169677734375e+01 4.630965423583984375e+01 4.431678009033203125e+01 5.476705169677734375e+01
2.180000000000000000e+04 1.757287383079528809e-01 4.330843353271484375e+01 5.550100708007812500e+01 1.757287383079528809e-01 4.330843353271484375e+01 5.550100708007812500e+01
2.190000000000000000e+04 2.582593262195587158e-01 4.135264968872070312e+01 5.653697204589843750e+01 2.582593262195587158e-01 4.135264968872070312e+01 5.653697204589843750e+01
2.200000000000000000e+04 7.841677665710449219e-01 4.550442504882812500e+01 5.320796203613281250e+01 7.841677665710449219e-01 4.550442504882812500e+01 5.320796203613281250e+01
2.210000000000000000e+04 1.920098513364791870e-01 4.243997192382812500e+01 5.526127243041992188e+01 1.920098513364791870e-01 4.243997192382812500e+01 5.526127243041992188e+01
2.220000000000000000e+04 2.744352221488952637e-01 4.068529129028320312e+01 5.613182830810546875e+01 2.744352221488952637e-01 4.068529129028320312e+01 5.613182830810546875e+01
2.230000000000000000e+04 2.167022675275802612e-01 4.516267776489257812e+01 5.259295272827148438e+01 2.167022675275802612e-01 4.516267776489257812e+01 5.259295272827148438e+01
2.240000000000000000e+04 2.005361318588256836e-01 4.204285430908203125e+01 5.473460769653320312e+01 2.005361318588256836e-01 4.204285430908203125e+01 5.473460769653320312e+01
2.250000000000000000e+04 2.835927605628967285e-01 4.028026580810546875e+01 5.563615036010742188e+01 2.835927605628967285e-01 4.028026580810546875e+01 5.563615036010742188e+01
2.260000000000000000e+04 2.449007272720336914e+00 4.551334762573242188e+01 5.166135787963867188e+01 2.449007272720336914e+00 4.551334762573242188e+01 5.166135787963867188e+01
2.270000000000000000e+04 1.801973134279251099e-01 4.270092010498046875e+01 5.355453872680664062e+01 1.801973134279251099e-01 4.270092010498046875e+01 5.355453872680664062e+01
2.280000000000000000e+04 2.609863281250000000e-01 4.049909591674804688e+01 5.488960647583007812e+01 2.609863281250000000e-01 4.049909591674804688e+01 5.488960647583007812e+01
2.290000000000000000e+04 3.374590873718261719e-01 3.930229949951171875e+01 5.529093933105468750e+01 3.374590873718261719e-01 3.930229949951171875e+01 5.529093933105468750e+01
2.300000000000000000e+04 1.751754730939865112e-01 4.549036407470703125e+01 5.070591735839843750e+01 1.751754730939865112e-01 4.549036407470703125e+01 5.070591735839843750e+01
2.310000000000000000e+04 2.118433564901351929e-01 4.181784820556640625e+01 5.332720184326171875e+01 2.118433564901351929e-01 4.181784820556640625e+01 5.332720184326171875e+01
2.320000000000000000e+04 2.930361032485961914e-01 3.988560867309570312e+01 5.445236587524414062e+01 2.930361032485961914e-01 3.988560867309570312e+01 5.445236587524414062e+01
2.330000000000000000e+04 3.702575862407684326e-01 3.879059982299804688e+01 5.479141616821289062e+01 3.702575862407684326e-01 3.879059982299804688e+01 5.479141616821289062e+01
2.340000000000000000e+04 4.567505419254302979e-01 4.310077667236328125e+01 5.139909744262695312e+01 4.567505419254302979e-01 4.310077667236328125e+01 5.139909744262695312e+01
2.350000000000000000e+04 3.050245046615600586e-01 4.015438842773437500e+01 5.343435287475585938e+01 3.050245046615600586e-01 4.015438842773437500e+01 5.343435287475585938e+01
2.360000000000000000e+04 3.936426043510437012e-01 3.864492034912109375e+01 5.417235183715820312e+01 3.936426043510437012e-01 3.864492034912109375e+01 5.417235183715820312e+01
2.370000000000000000e+04 5.591892004013061523e-01 4.264648056030273438e+01 5.099404907226562500e+01 5.591892004013061523e-01 4.264648056030273438e+01 5.099404907226562500e+01
2.380000000000000000e+04 3.455659449100494385e-01 3.970491790771484375e+01 5.304519653320312500e+01 3.455659449100494385e-01 3.970491790771484375e+01 5.304519653320312500e+01
2.390000000000000000e+04 4.393611252307891846e-01 3.821588134765625000e+01 5.377269363403320312e+01 4.393611252307891846e-01 3.821588134765625000e+01 5.377269363403320312e+01
2.400000000000000000e+04 2.517141103744506836e-01 4.434245681762695312e+01 4.928594207763671875e+01 2.517141103744506836e-01 4.434245681762695312e+01 4.928594207763671875e+01
2.410000000000000000e+04 3.075931370258331299e-01 4.065712356567382812e+01 5.196623229980468750e+01 3.075931370258331299e-01 4.065712356567382812e+01 5.196623229980468750e+01
2.420000000000000000e+04 3.966277539730072021e-01 3.874708175659179688e+01 5.311586761474609375e+01 3.966277539730072021e-01 3.874708175659179688e+01 5.311586761474609375e+01
2.430000000000000000e+04 4.861997067928314209e-01 3.765113067626953125e+01 5.350897979736328125e+01 4.861997067928314209e-01 3.765113067626953125e+01 5.350897979736328125e+01
2.440000000000000000e+04 4.986097812652587891e-01 4.202818679809570312e+01 5.012812423706054688e+01 4.986097812652587891e-01 4.202818679809570312e+01 5.012812423706054688e+01
2.450000000000000000e+04 4.083432555198669434e-01 3.919048309326171875e+01 5.211651992797851562e+01 4.083432555198669434e-01 3.919048309326171875e+01 5.211651992797851562e+01
2.460000000000000000e+04 5.066072940826416016e-01 3.766729354858398438e+01 5.291982269287109375e+01 5.066072940826416016e-01 3.766729354858398438e+01 5.291982269287109375e+01
2.470000000000000000e+04 3.681599795818328857e-01 4.195721435546875000e+01 4.949761199951171875e+01 3.681599795818328857e-01 4.195721435546875000e+01 4.949761199951171875e+01
2.480000000000000000e+04 4.527907073497772217e-01 3.887007904052734375e+01 5.172818374633789062e+01 4.527907073497772217e-01 3.887007904052734375e+01 5.172818374633789062e+01
2.490000000000000000e+04 5.564575195312500000e-01 3.732531738281250000e+01 5.255785369873046875e+01 5.564575195312500000e-01 3.732531738281250000e+01 5.255785369873046875e+01
2.500000000000000000e+04 5.329595208168029785e-01 4.194212341308593750e+01 4.910618972778320312e+01 5.329595208168029785e-01 4.194212341308593750e+01 4.910618972778320312e+01
2.510000000000000000e+04 4.596543908119201660e-01 3.896469879150390625e+01 5.122084045410156250e+01 4.596543908119201660e-01 3.896469879150390625e+01 5.122084045410156250e+01
2.520000000000000000e+04 5.629811882972717285e-01 3.732015991210937500e+01 5.215810394287109375e+01 5.629811882972717285e-01 3.732015991210937500e+01 5.215810394287109375e+01
2.530000000000000000e+04 7.849081158638000488e-01 4.006892395019531250e+01 5.026564407348632812e+01 7.849081158638000488e-01 4.006892395019531250e+01 5.026564407348632812e+01
2.540000000000000000e+04 4.731998741626739502e-01 3.926122665405273438e+01 5.048472595214843750e+01 4.731998741626739502e-01 3.926122665405273438e+01 5.048472595214843750e+01
2.550000000000000000e+04 5.786241888999938965e-01 3.735531234741210938e+01 5.166672897338867188e+01 5.786241888999938965e-01 3.735531234741210938e+01 5.166672897338867188e+01
2.560000000000000000e+04 5.396117401123046875e+01 3.638401794433593750e+01 5.275958251953125000e+01 5.396117401123046875e+01 3.638401794433593750e+01 5.275958251953125000e+01
2.570000000000000000e+04 5.027086138725280762e-01 3.924317932128906250e+01 4.998405838012695312e+01 5.027086138725280762e-01 3.924317932128906250e+01 4.998405838012695312e+01
2.580000000000000000e+04 6.099519729614257812e-01 3.721018981933593750e+01 5.128630447387695312e+01 6.099519729614257812e-01 3.721018981933593750e+01 5.128630447387695312e+01
2.590000000000000000e+04 2.873188476562500000e+02 3.624758148193359375e+01 5.170805740356445312e+01 2.873188476562500000e+02 3.624758148193359375e+01 5.170805740356445312e+01
2.600000000000000000e+04 5.080411434173583984e-01 3.952978134155273438e+01 4.936185073852539062e+01 5.080411434173583984e-01 3.952978134155273438e+01 4.936185073852539062e+01
2.610000000000000000e+04 6.130117774009704590e-01 3.730570983886718750e+01 5.084194183349609375e+01 6.130117774009704590e-01 3.730570983886718750e+01 5.084194183349609375e+01
2.620000000000000000e+04 7.239755988121032715e-01 3.605152893066406250e+01 5.144979858398437500e+01 7.239755988121032715e-01 3.605152893066406250e+01 5.144979858398437500e+01
2.630000000000000000e+04 5.625672936439514160e-01 3.962052154541015625e+01 4.884303283691406250e+01 5.625672936439514160e-01 3.962052154541015625e+01 4.884303283691406250e+01
2.640000000000000000e+04 6.352858543395996094e-01 3.729503250122070312e+01 5.040520477294921875e+01 6.352858543395996094e-01 3.729503250122070312e+01 5.040520477294921875e+01
2.650000000000000000e+04 7.493631839752197266e-01 3.593558120727539062e+01 5.111734390258789062e+01 7.493631839752197266e-01 3.593558120727539062e+01 5.111734390258789062e+01
2.660000000000000000e+04 6.094381213188171387e-01 3.926891326904296875e+01 4.867584228515625000e+01 6.094381213188171387e-01 3.926891326904296875e+01 4.867584228515625000e+01
2.670000000000000000e+04 6.726155281066894531e-01 3.701722335815429688e+01 5.017341995239257812e+01 6.726155281066894531e-01 3.701722335815429688e+01 5.017341995239257812e+01
2.680000000000000000e+04 7.894411087036132812e-01 3.567761993408203125e+01 5.087250518798828125e+01 7.894411087036132812e-01 3.567761993408203125e+01 5.087250518798828125e+01
2.690000000000000000e+04 5.737780332565307617e-01 3.945364761352539062e+01 4.818892288208007812e+01 5.737780332565307617e-01 3.945364761352539062e+01 4.818892288208007812e+01
2.700000000000000000e+04 6.748181581497192383e-01 3.707019424438476562e+01 4.981088256835937500e+01 6.748181581497192383e-01 3.707019424438476562e+01 4.981088256835937500e+01
2.710000000000000000e+04 7.911966443061828613e-01 3.566405868530273438e+01 5.057920074462890625e+01 7.911966443061828613e-01 3.566405868530273438e+01 5.057920074462890625e+01
2.720000000000000000e+04 6.812456250190734863e-01 4.123550033569335938e+01 4.644211578369140625e+01 6.812456250190734863e-01 4.123550033569335938e+01 4.644211578369140625e+01
2.730000000000000000e+04 6.321639418601989746e-01 3.789493179321289062e+01 4.893966293334960938e+01 6.321639418601989746e-01 3.789493179321289062e+01 4.893966293334960938e+01
2.740000000000000000e+04 7.450548410415649414e-01 3.612317276000976562e+01 5.004565811157226562e+01 7.450548410415649414e-01 3.612317276000976562e+01 5.004565811157226562e+01
2.750000000000000000e+04 8.664213418960571289e-01 3.504490661621093750e+01 5.052494049072265625e+01 8.664213418960571289e-01 3.504490661621093750e+01 5.052494049072265625e+01
2.760000000000000000e+04 6.628409624099731445e-01 3.835371398925781250e+01 4.813977050781250000e+01 6.628409624099731445e-01 3.835371398925781250e+01 4.813977050781250000e+01
2.770000000000000000e+04 7.623442411422729492e-01 3.622769165039062500e+01 4.956311798095703125e+01 7.623442411422729492e-01 3.622769165039062500e+01 4.956311798095703125e+01
2.780000000000000000e+04 8.827516436576843262e-01 3.500288009643554688e+01 5.018003845214843750e+01 8.827516436576843262e-01 3.500288009643554688e+01 5.018003845214843750e+01
2.790000000000000000e+04 6.491969227790832520e-01 3.854004287719726562e+01 4.768951034545898438e+01 6.491969227790832520e-01 3.854004287719726562e+01 4.768951034545898438e+01
2.800000000000000000e+04 7.639042139053344727e-01 3.631347274780273438e+01 4.919364547729492188e+01 7.639042139053344727e-01 3.631347274780273438e+01 4.919364547729492188e+01
2.810000000000000000e+04 8.839681744575500488e-01 3.500509262084960938e+01 4.989165496826171875e+01 8.839681744575500488e-01 3.500509262084960938e+01 4.989165496826171875e+01
2.820000000000000000e+04 7.385938763618469238e-01 3.871283340454101562e+01 4.729358291625976562e+01 7.385938763618469238e-01 3.871283340454101562e+01 4.729358291625976562e+01
2.830000000000000000e+04 7.609435319900512695e-01 3.649761199951171875e+01 4.875663757324218750e+01 7.609435319900512695e-01 3.649761199951171875e+01 4.875663757324218750e+01
2.840000000000000000e+04 8.815819025039672852e-01 3.506372070312500000e+01 4.957243347167968750e+01 8.815819025039672852e-01 3.506372070312500000e+01 4.957243347167968750e+01
2.850000000000000000e+04 9.609410762786865234e-01 3.948259735107421875e+01 4.619467544555664062e+01 9.609410762786865234e-01 3.948259735107421875e+01 4.619467544555664062e+01
2.860000000000000000e+04 7.683278918266296387e-01 3.660072708129882812e+01 4.835994720458984375e+01 7.683278918266296387e-01 3.660072708129882812e+01 4.835994720458984375e+01
2.870000000000000000e+04 8.899124264717102051e-01 3.505945587158203125e+01 4.927525711059570312e+01 8.899124264717102051e-01 3.505945587158203125e+01 4.927525711059570312e+01
2.880000000000000000e+04 5.080065727233886719e+00 3.870215225219726562e+01 4.646480941772460938e+01 5.080065727233886719e+00 3.870215225219726562e+01 4.646480941772460938e+01
2.890000000000000000e+04 7.890039682388305664e-01 3.648810195922851562e+01 4.811732482910156250e+01 7.890039682388305664e-01 3.648810195922851562e+01 4.811732482910156250e+01
2.900000000000000000e+04 9.126454591751098633e-01 3.492399597167968750e+01 4.905468368530273438e+01 9.126454591751098633e-01 3.492399597167968750e+01 4.905468368530273438e+01
2.910000000000000000e+04 6.554384708404541016e+00 3.879869842529296875e+01 4.606231307983398438e+01 6.554384708404541016e+00 3.879869842529296875e+01 4.606231307983398438e+01
2.920000000000000000e+04 8.102958202362060547e-01 3.630167770385742188e+01 4.795380783081054688e+01 8.102958202362060547e-01 3.630167770385742188e+01 4.795380783081054688e+01
2.930000000000000000e+04 9.350116848945617676e-01 3.475782012939453125e+01 4.887466049194335938e+01 9.350116848945617676e-01 3.475782012939453125e+01 4.887466049194335938e+01
2.940000000000000000e+04 3.995973587036132812e+00 3.877196502685546875e+01 4.579674148559570312e+01 3.995973587036132812e+00 3.877196502685546875e+01 4.579674148559570312e+01
2.950000000000000000e+04 8.319457769393920898e-01 3.609856414794921875e+01 4.781053161621093750e+01 8.319457769393920898e-01 3.609856414794921875e+01 4.781053161621093750e+01
2.960000000000000000e+04 9.578154683113098145e-01 3.458152008056640625e+01 4.870927810668945312e+01 9.578154683113098145e-01 3.458152008056640625e+01 4.870927810668945312e+01
2.970000000000000000e+04 7.440364956855773926e-01 3.907384109497070312e+01 4.531754302978515625e+01 7.440364956855773926e-01 3.907384109497070312e+01 4.531754302978515625e+01
2.980000000000000000e+04 8.243694305419921875e-01 3.622629928588867188e+01 4.748472595214843750e+01 8.243694305419921875e-01 3.622629928588867188e+01 4.748472595214843750e+01
2.990000000000000000e+04 9.491639137268066406e-01 3.462890243530273438e+01 4.845680618286132812e+01 9.491639137268066406e-01 3.462890243530273438e+01 4.845680618286132812e+01
3.000000000000000000e+04 5.014745712280273438e+00 3.360212707519531250e+01 5.013801193237304688e+01 5.014745712280273438e+00 3.360212707519531250e+01 5.013801193237304688e+01
3.010000000000000000e+04 8.181994557380676270e-01 3.644207000732421875e+01 4.706869888305664062e+01 8.181994557380676270e-01 3.644207000732421875e+01 4.706869888305664062e+01
3.020000000000000000e+04 9.444149136543273926e-01 3.471197128295898438e+01 4.815499496459960938e+01 9.444149136543273926e-01 3.471197128295898438e+01 4.815499496459960938e+01
3.030000000000000000e+04 2.169869995117187500e+01 3.371554565429687500e+01 4.855955505371093750e+01 2.169869995117187500e+01 3.371554565429687500e+01 4.855955505371093750e+01
3.040000000000000000e+04 8.026173710823059082e-01 3.699015808105468750e+01 4.642973709106445312e+01 8.026173710823059082e-01 3.699015808105468750e+01 4.642973709106445312e+01
3.050000000000000000e+04 9.194955825805664062e-01 3.498134231567382812e+01 4.776092529296875000e+01 9.194955825805664062e-01 3.498134231567382812e+01 4.776092529296875000e+01
3.060000000000000000e+04 1.047289490699768066e+00 3.375929641723632812e+01 4.840377807617187500e+01 1.047289490699768066e+00 3.375929641723632812e+01 4.840377807617187500e+01
3.070000000000000000e+04 9.199142456054687500e-01 3.706840896606445312e+01 4.614116287231445312e+01 9.199142456054687500e-01 3.706840896606445312e+01 4.614116287231445312e+01
3.080000000000000000e+04 9.208797812461853027e-01 3.509583663940429688e+01 4.741387176513671875e+01 9.208797812461853027e-01 3.509583663940429688e+01 4.741387176513671875e+01
3.090000000000000000e+04 1.050822496414184570e+00 3.376579666137695312e+01 4.815484237670898438e+01 1.050822496414184570e+00 3.376579666137695312e+01 4.815484237670898438e+01
3.100000000000000000e+04 1.025701642036437988e+00 3.814146423339843750e+01 4.506889343261718750e+01 1.025701642036437988e+00 3.814146423339843750e+01 4.506889343261718750e+01
3.110000000000000000e+04 8.781614899635314941e-01 3.561863327026367188e+01 4.687190246582031250e+01 8.781614899635314941e-01 3.561863327026367188e+01 4.687190246582031250e+01
3.120000000000000000e+04 1.006235599517822266e+00 3.407168197631835938e+01 4.780644607543945312e+01 1.006235599517822266e+00 3.407168197631835938e+01 4.780644607543945312e+01
3.130000000000000000e+04 1.334309387207031250e+02 3.260163497924804688e+01 4.932575225830078125e+01 1.334309387207031250e+02 3.260163497924804688e+01 4.932575225830078125e+01
3.140000000000000000e+04 8.385806679725646973e-01 3.652888488769531250e+01 4.600157928466796875e+01 8.385806679725646973e-01 3.652888488769531250e+01 4.600157928466796875e+01
3.150000000000000000e+04 9.574494361877441406e-01 3.458184051513671875e+01 4.728230667114257812e+01 9.574494361877441406e-01 3.458184051513671875e+01 4.728230667114257812e+01
3.160000000000000000e+04 1.087533950805664062e+00 3.337117004394531250e+01 4.792197036743164062e+01 1.087533950805664062e+00 3.337117004394531250e+01 4.792197036743164062e+01
3.170000000000000000e+04 1.428743004798889160e+00 3.763918304443359375e+01 4.495763015747070312e+01 1.428743004798889160e+00 3.763918304443359375e+01 4.495763015747070312e+01
3.180000000000000000e+04 9.092779755592346191e-01 3.526303100585937500e+01 4.660899734497070312e+01 9.092779755592346191e-01 3.526303100585937500e+01 4.660899734497070312e+01
3.190000000000000000e+04 1.039537191390991211e+00 3.375623703002929688e+01 4.751087951660156250e+01 1.039537191390991211e+00 3.375623703002929688e+01 4.751087951660156250e+01
3.200000000000000000e+04 6.506504821777343750e+01 3.163704872131347656e+01 5.011705780029296875e+01 6.506504821777343750e+01 3.163704872131347656e+01 5.011705780029296875e+01
3.210000000000000000e+04 9.070566296577453613e-01 3.557432556152343750e+01 4.612227249145507812e+01 9.070566296577453613e-01 3.557432556152343750e+01 4.612227249145507812e+01
3.220000000000000000e+04 1.038864016532897949e+00 3.387681579589843750e+01 4.718512344360351562e+01 1.038864016532897949e+00 3.387681579589843750e+01 4.718512344360351562e+01
3.230000000000000000e+04 2.964066772460937500e+02 3.287349319458007812e+01 4.773546218872070312e+01 2.964066772460937500e+02 3.287349319458007812e+01 4.773546218872070312e+01
3.240000000000000000e+04 9.110317826271057129e-01 3.571449661254882812e+01 4.579139709472656250e+01 9.110317826271057129e-01 3.571449661254882812e+01 4.579139709472656250e+01
3.250000000000000000e+04 1.040012121200561523e+00 3.390617752075195312e+01 4.695134735107421875e+01 1.040012121200561523e+00 3.390617752075195312e+01 4.695134735107421875e+01
3.260000000000000000e+04 1.327133297920227051e+00 3.276954650878906250e+01 4.752715682983398438e+01 1.327133297920227051e+00 3.276954650878906250e+01 4.752715682983398438e+01
3.270000000000000000e+04 8.991007804870605469e-01 3.633059692382812500e+01 4.517398834228515625e+01 8.991007804870605469e-01 3.633059692382812500e+01 4.517398834228515625e+01
3.280000000000000000e+04 1.002320766448974609e+00 3.424865341186523438e+01 4.656850814819335938e+01 1.002320766448974609e+00 3.424865341186523438e+01 4.656850814819335938e+01
3.290000000000000000e+04 1.138641595840454102e+00 3.297807693481445312e+01 4.726020431518554688e+01 1.138641595840454102e+00 3.297807693481445312e+01 4.726020431518554688e+01
3.300000000000000000e+04 1.628776550292968750e+00 3.666407775878906250e+01 4.468032073974609375e+01 1.628776550292968750e+00 3.666407775878906250e+01 4.468032073974609375e+01
3.310000000000000000e+04 9.970502853393554688e-01 3.444098663330078125e+01 4.620687103271484375e+01 9.970502853393554688e-01 3.444098663330078125e+01 4.620687103271484375e+01
3.320000000000000000e+04 1.135733008384704590e+00 3.304397583007812500e+01 4.700873947143554688e+01 1.135733008384704590e+00 3.304397583007812500e+01 4.700873947143554688e+01
3.330000000000000000e+04 4.418858528137207031e+00 3.765532302856445312e+01 4.367977905273437500e+01 4.418858528137207031e+00 3.765532302856445312e+01 4.367977905273437500e+01
3.340000000000000000e+04 9.639061093330383301e-01 3.485882186889648438e+01 4.575080490112304688e+01 9.639061093330383301e-01 3.485882186889648438e+01 4.575080490112304688e+01
3.350000000000000000e+04 1.101559519767761230e+00 3.328580474853515625e+01 4.670453262329101562e+01 1.101559519767761230e+00 3.328580474853515625e+01 4.670453262329101562e+01
3.360000000000000000e+04 3.708288955688476562e+01 3.212671279907226562e+01 4.736609268188476562e+01 3.708288955688476562e+01 3.212671279907226562e+01 4.736609268188476562e+01
3.370000000000000000e+04 8.487219214439392090e-01 3.662829589843750000e+01 4.442878341674804688e+01 8.487219214439392090e-01 3.662829589843750000e+01 4.442878341674804688e+01
3.380000000000000000e+04 9.722822308540344238e-01 3.441622924804687500e+01 4.591776275634765625e+01 9.722822308540344238e-01 3.441622924804687500e+01 4.591776275634765625e+01
3.390000000000000000e+04 1.106572985649108887e+00 3.303514862060546875e+01 4.670668029785156250e+01 1.106572985649108887e+00 3.303514862060546875e+01 4.670668029785156250e+01
3.400000000000000000e+04 4.923414707183837891e+00 3.215647125244140625e+01 4.703239059448242188e+01 4.923414707183837891e+00 3.215647125244140625e+01 4.703239059448242188e+01
3.410000000000000000e+04 9.202796220779418945e-01 3.577484893798828125e+01 4.471305847167968750e+01 9.202796220779418945e-01 3.577484893798828125e+01 4.471305847167968750e+01
3.420000000000000000e+04 1.040888667106628418e+00 3.378641128540039062e+01 4.602132797241210938e+01 1.040888667106628418e+00 3.378641128540039062e+01 4.602132797241210938e+01
3.430000000000000000e+04 1.179963707923889160e+00 3.255363464355468750e+01 4.667937469482421875e+01 1.179963707923889160e+00 3.255363464355468750e+01 4.667937469482421875e+01
3.440000000000000000e+04 2.766137599945068359e+00 3.679786682128906250e+01 4.361073684692382812e+01 2.766137599945068359e+00 3.679786682128906250e+01 4.361073684692382812e+01
3.450000000000000000e+04 1.019998073577880859e+00 3.421546936035156250e+01 4.549901580810546875e+01 1.019998073577880859e+00 3.421546936035156250e+01 4.549901580810546875e+01
3.460000000000000000e+04 1.161877393722534180e+00 3.276452636718750000e+01 4.634540939331054688e+01 1.161877393722534180e+00 3.276452636718750000e+01 4.634540939331054688e+01
3.470000000000000000e+04 1.485087752342224121e+00 3.438578033447265625e+01 4.578440856933593750e+01 1.485087752342224121e+00 3.438578033447265625e+01 4.578440856933593750e+01
3.480000000000000000e+04 9.797421693801879883e-01 3.476958847045898438e+01 4.495620346069335938e+01 9.797421693801879883e-01 3.476958847045898438e+01 4.495620346069335938e+01
3.490000000000000000e+04 1.119780421257019043e+00 3.309651947021484375e+01 4.598856735229492188e+01 1.119780421257019043e+00 3.309651947021484375e+01 4.598856735229492188e+01
3.500000000000000000e+04 1.263847231864929199e+00 3.201686477661132812e+01 4.650638198852539062e+01 1.263847231864929199e+00 3.201686477661132812e+01 4.650638198852539062e+01
3.510000000000000000e+04 8.900516033172607422e-01 3.617338943481445312e+01 4.387594604492187500e+01 8.900516033172607422e-01 3.617338943481445312e+01 4.387594604492187500e+01
3.520000000000000000e+04 1.019918441772460938e+00 3.401695251464843750e+01 4.529402160644531250e+01 1.019918441772460938e+00 3.401695251464843750e+01 4.529402160644531250e+01
3.530000000000000000e+04 1.160825490951538086e+00 3.261489486694335938e+01 4.609528732299804688e+01 1.160825490951538086e+00 3.261489486694335938e+01 4.609528732299804688e+01
3.540000000000000000e+04 1.539230942726135254e+00 3.167098999023437500e+01 4.649675369262695312e+01 1.539230942726135254e+00 3.167098999023437500e+01 4.649675369262695312e+01
3.550000000000000000e+04 8.832546472549438477e-01 3.660887145996093750e+01 4.345151138305664062e+01 8.832546472549438477e-01 3.660887145996093750e+01 4.345151138305664062e+01
3.560000000000000000e+04 9.718256592750549316e-01 3.431783676147460938e+01 4.498675918579101562e+01 9.718256592750549316e-01 3.431783676147460938e+01 4.498675918579101562e+01
3.570000000000000000e+04 1.107355117797851562e+00 3.283641433715820312e+01 4.585848999023437500e+01 1.107355117797851562e+00 3.283641433715820312e+01 4.585848999023437500e+01
3.580000000000000000e+04 1.246446371078491211e+00 3.184011077880859375e+01 4.630675888061523438e+01 1.246446371078491211e+00 3.184011077880859375e+01 4.630675888061523438e+01
3.590000000000000000e+04 4.028129577636718750e+00 3.798398971557617188e+01 4.203914642333984375e+01 4.028129577636718750e+00 3.798398971557617188e+01 4.203914642333984375e+01
3.600000000000000000e+04 9.434832930564880371e-01 3.482761001586914062e+01 4.440562057495117188e+01 9.434832930564880371e-01 3.482761001586914062e+01 4.440562057495117188e+01
3.610000000000000000e+04 1.078334569931030273e+00 3.311765670776367188e+01 4.546994018554687500e+01 1.078334569931030273e+00 3.311765670776367188e+01 4.546994018554687500e+01
3.620000000000000000e+04 1.218226432800292969e+00 3.199042892456054688e+01 4.603467941284179688e+01 1.218226432800292969e+00 3.199042892456054688e+01 4.603467941284179688e+01
3.630000000000000000e+04 1.307946014404296875e+01 3.484558868408203125e+01 4.415626144409179688e+01 1.307946014404296875e+01 3.484558868408203125e+01 4.415626144409179688e+01
3.640000000000000000e+04 1.050949215888977051e+00 3.383945083618164062e+01 4.469174194335937500e+01 1.050949215888977051e+00 3.383945083618164062e+01 4.469174194335937500e+01
3.650000000000000000e+04 1.196882486343383789e+00 3.235441207885742188e+01 4.556486892700195312e+01 1.196882486343383789e+00 3.235441207885742188e+01 4.556486892700195312e+01
3.660000000000000000e+04 1.723983764648437500e+02 3.004088592529296875e+01 4.835314178466796875e+01 1.723983764648437500e+02 3.004088592529296875e+01 4.835314178466796875e+01
3.670000000000000000e+04 1.007049560546875000e+00 3.449394226074218750e+01 4.407945632934570312e+01 1.007049560546875000e+00 3.449394226074218750e+01 4.407945632934570312e+01
3.680000000000000000e+04 1.151887655258178711e+00 3.274350357055664062e+01 4.517248916625976562e+01 1.151887655258178711e+00 3.274350357055664062e+01 4.517248916625976562e+01
3.690000000000000000e+04 1.300705790519714355e+00 3.161685562133789062e+01 4.573134994506835938e+01 1.300705790519714355e+00 3.161685562133789062e+01 4.573134994506835938e+01
3.700000000000000000e+04 8.828788399696350098e-01 3.703722381591796875e+01 4.228203582763671875e+01 8.828788399696350098e-01 3.703722381591796875e+01 4.228203582763671875e+01
3.710000000000000000e+04 9.753467440605163574e-01 3.443615341186523438e+01 4.406620407104492188e+01 9.753467440605163574e-01 3.443615341186523438e+01 4.406620407104492188e+01
3.720000000000000000e+04 1.114455819129943848e+00 3.276876449584960938e+01 4.508928298950195312e+01 1.114455819129943848e+00 3.276876449584960938e+01 4.508928298950195312e+01
3.730000000000000000e+04 1.258059620857238770e+00 3.166065025329589844e+01 4.563434219360351562e+01 1.258059620857238770e+00 3.166065025329589844e+01 4.563434219360351562e+01
3.740000000000000000e+04 6.145665168762207031e+00 3.528960037231445312e+01 4.292960739135742188e+01 6.145665168762207031e+00 3.528960037231445312e+01 4.292960739135742188e+01
3.750000000000000000e+04 1.112504959106445312e+00 3.323083114624023438e+01 4.447031021118164062e+01 1.112504959106445312e+00 3.323083114624023438e+01 4.447031021118164062e+01
3.760000000000000000e+04 1.263818502426147461e+00 3.184410095214843750e+01 4.525759124755859375e+01 1.263818502426147461e+00 3.184410095214843750e+01 4.525759124755859375e+01
3.770000000000000000e+04 3.265560388565063477e+00 3.534206008911132812e+01 4.267118072509765625e+01 3.265560388565063477e+00 3.534206008911132812e+01 4.267118072509765625e+01
3.780000000000000000e+04 1.136865019798278809e+00 3.310661315917968750e+01 4.434124755859375000e+01 1.136865019798278809e+00 3.310661315917968750e+01 4.434124755859375000e+01
3.790000000000000000e+04 1.291755557060241699e+00 3.171513938903808594e+01 4.512944412231445312e+01 1.291755557060241699e+00 3.171513938903808594e+01 4.512944412231445312e+01
3.800000000000000000e+04 1.046056509017944336e+00 3.537480163574218750e+01 4.251798248291015625e+01 1.046056509017944336e+00 3.537480163574218750e+01 4.251798248291015625e+01
3.810000000000000000e+04 1.153454899787902832e+00 3.295047760009765625e+01 4.427704620361328125e+01 1.153454899787902832e+00 3.295047760009765625e+01 4.427704620361328125e+01
3.820000000000000000e+04 1.310040593147277832e+00 3.158636093139648438e+01 4.503905868530273438e+01 1.310040593147277832e+00 3.158636093139648438e+01 4.503905868530273438e+01
3.830000000000000000e+04 4.391168594360351562e+00 3.633047103881835938e+01 4.172355270385742188e+01 4.391168594360351562e+00 3.633047103881835938e+01 4.172355270385742188e+01
3.840000000000000000e+04 1.091134071350097656e+00 3.348202896118164062e+01 4.384582138061523438e+01 1.091134071350097656e+00 3.348202896118164062e+01 4.384582138061523438e+01
3.850000000000000000e+04 1.244584560394287109e+00 3.193594741821289062e+01 4.476158523559570312e+01 1.244584560394287109e+00 3.193594741821289062e+01 4.476158523559570312e+01
3.860000000000000000e+04 1.545190429687500000e+01 3.100374031066894531e+01 4.511715698242187500e+01 1.545190429687500000e+01 3.100374031066894531e+01 4.511715698242187500e+01
3.870000000000000000e+04 1.114227533340454102e+00 3.354799652099609375e+01 4.355584335327148438e+01 1.114227533340454102e+00 3.354799652099609375e+01 4.355584335327148438e+01
3.880000000000000000e+04 1.267468810081481934e+00 3.188882255554199219e+01 4.457128143310546875e+01 1.267468810081481934e+00 3.188882255554199219e+01 4.457128143310546875e+01
3.890000000000000000e+04 2.721850585937500000e+02 3.027254676818847656e+01 4.606476211547851562e+01 2.721850585937500000e+02 3.027254676818847656e+01 4.606476211547851562e+01
3.900000000000000000e+04 1.102431774139404297e+00 3.364589309692382812e+01 4.336612701416015625e+01 1.102431774139404297e+00 3.364589309692382812e+01 4.336612701416015625e+01
3.910000000000000000e+04 1.255142807960510254e+00 3.195520782470703125e+01 4.439710235595703125e+01 1.255142807960510254e+00 3.195520782470703125e+01 4.439710235595703125e+01
3.920000000000000000e+04 1.415369272232055664e+00 3.086403846740722656e+01 4.491851806640625000e+01 1.415369272232055664e+00 3.086403846740722656e+01 4.491851806640625000e+01
3.930000000000000000e+04 9.711996912956237793e-01 3.533624267578125000e+01 4.223915100097656250e+01 9.711996912956237793e-01 3.533624267578125000e+01 4.223915100097656250e+01
3.940000000000000000e+04 1.098935365676879883e+00 3.315551757812500000e+01 4.364875030517578125e+01 1.098935365676879883e+00 3.315551757812500000e+01 4.364875030517578125e+01
3.950000000000000000e+04 1.251232743263244629e+00 3.169777488708496094e+01 4.448779296875000000e+01 1.251232743263244629e+00 3.169777488708496094e+01 4.448779296875000000e+01
3.960000000000000000e+04 1.406084299087524414e+00 3.071887969970703125e+01 4.491360092163085938e+01 1.406084299087524414e+00 3.071887969970703125e+01 4.491360092163085938e+01
3.970000000000000000e+04 9.844139218330383301e-01 3.522851562500000000e+01 4.218510055541992188e+01 9.844139218330383301e-01 3.522851562500000000e+01 4.218510055541992188e+01
3.980000000000000000e+04 1.091622710227966309e+00 3.319892120361328125e+01 4.345312500000000000e+01 1.091622710227966309e+00 3.319892120361328125e+01 4.345312500000000000e+01
3.990000000000000000e+04 1.243629336357116699e+00 3.170325660705566406e+01 4.432505035400390625e+01 1.243629336357116699e+00 3.170325660705566406e+01 4.432505035400390625e+01
4.000000000000000000e+04 1.398350000381469727e+00 3.070121002197265625e+01 4.477261352539062500e+01 1.398350000381469727e+00 3.070121002197265625e+01 4.477261352539062500e+01
4.010000000000000000e+04 1.277853131294250488e+00 3.438080978393554688e+01 4.249618148803710938e+01 1.277853131294250488e+00 3.438080978393554688e+01 4.249618148803710938e+01
4.020000000000000000e+04 1.170212507247924805e+00 3.254951477050781250e+01 4.360297393798828125e+01 1.170212507247924805e+00 3.254951477050781250e+01 4.360297393798828125e+01
4.030000000000000000e+04 1.328807592391967773e+00 3.120235443115234375e+01 4.434757232666015625e+01 1.328807592391967773e+00 3.120235443115234375e+01 4.434757232666015625e+01
4.040000000000000000e+04 1.578406214714050293e+00 3.038268852233886719e+01 4.590900039672851562e+01 1.578406214714050293e+00 3.038268852233886719e+01 4.590900039672851562e+01
4.050000000000000000e+04 1.200887918472290039e+00 3.252367019653320312e+01 4.337516021728515625e+01 1.200887918472290039e+00 3.252367019653320312e+01 4.337516021728515625e+01
4.060000000000000000e+04 1.365119934082031250e+00 3.110682106018066406e+01 4.417558670043945312e+01 1.365119934082031250e+00 3.110682106018066406e+01 4.417558670043945312e+01
4.070000000000000000e+04 1.164151668548583984e+00 3.498194122314453125e+01 4.140042877197265625e+01 1.164151668548583984e+00 3.498194122314453125e+01 4.140042877197265625e+01
4.080000000000000000e+04 1.193492412567138672e+00 3.256039810180664062e+01 4.322588348388671875e+01 1.193492412567138672e+00 3.256039810180664062e+01 4.322588348388671875e+01
4.090000000000000000e+04 1.358607769012451172e+00 3.111298561096191406e+01 4.404976272583007812e+01 1.358607769012451172e+00 3.111298561096191406e+01 4.404976272583007812e+01
4.100000000000000000e+04 1.625556945800781250e+01 3.342244338989257812e+01 4.253625869750976562e+01 1.625556945800781250e+01 3.342244338989257812e+01 4.253625869750976562e+01
4.110000000000000000e+04 1.219425201416015625e+00 3.237722396850585938e+01 4.317208099365234375e+01 1.219425201416015625e+00 3.237722396850585938e+01 4.317208099365234375e+01
4.120000000000000000e+04 1.387224555015563965e+00 3.095150375366210938e+01 4.397571945190429688e+01 1.387224555015563965e+00 3.095150375366210938e+01 4.397571945190429688e+01
4.130000000000000000e+04 6.155720710754394531e+00 3.519706726074218750e+01 4.096080398559570312e+01 6.155720710754394531e+00 3.519706726074218750e+01 4.096080398559570312e+01
4.140000000000000000e+04 1.181201934814453125e+00 3.263045120239257812e+01 4.292808914184570312e+01 1.181201934814453125e+00 3.263045120239257812e+01 4.292808914184570312e+01
4.150000000000000000e+04 1.347479224205017090e+00 3.112041282653808594e+01 4.379874420166015625e+01 1.347479224205017090e+00 3.112041282653808594e+01 4.379874420166015625e+01
4.160000000000000000e+04 1.143400650024414062e+02 2.839525413513183594e+01 4.691660690307617188e+01 1.143400650024414062e+02 2.839525413513183594e+01 4.691660690307617188e+01
4.170000000000000000e+04 1.191855907440185547e+00 3.262314605712890625e+01 4.276312255859375000e+01 1.191855907440185547e+00 3.262314605712890625e+01 4.276312255859375000e+01
4.180000000000000000e+04 1.359965443611145020e+00 3.108044242858886719e+01 4.365565872192382812e+01 1.359965443611145020e+00 3.108044242858886719e+01 4.365565872192382812e+01
4.190000000000000000e+04 1.803335266113281250e+02 2.792218589782714844e+01 4.743545913696289062e+01 1.803335266113281250e+02 2.792218589782714844e+01 4.743545913696289062e+01
4.200000000000000000e+04 1.157048702239990234e+00 3.291847229003906250e+01 4.247690582275390625e+01 1.157048702239990234e+00 3.291847229003906250e+01 4.247690582275390625e+01
4.210000000000000000e+04 1.322885990142822266e+00 3.127187347412109375e+01 4.345088195800781250e+01 1.322885990142822266e+00 3.127187347412109375e+01 4.345088195800781250e+01
4.220000000000000000e+04 1.493418574333190918e+00 3.018925666809082031e+01 4.395136260986328125e+01 1.493418574333190918e+00 3.018925666809082031e+01 4.395136260986328125e+01
4.230000000000000000e+04 1.199347019195556641e+00 3.360509872436523438e+01 4.186444473266601562e+01 1.199347019195556641e+00 3.360509872436523438e+01 4.186444473266601562e+01
4.240000000000000000e+04 1.272490262985229492e+00 3.163670539855957031e+01 4.312385940551757812e+01 1.272490262985229492e+00 3.163670539855957031e+01 4.312385940551757812e+01
4.250000000000000000e+04 1.442723035812377930e+00 3.041525268554687500e+01 4.374275970458984375e+01 1.442723035812377930e+00 3.041525268554687500e+01 4.374275970458984375e+01
4.260000000000000000e+04 3.338774204254150391e+00 3.460193252563476562e+01 4.098933029174804688e+01 3.338774204254150391e+00 3.460193252563476562e+01 4.098933029174804688e+01
4.270000000000000000e+04 1.201167106628417969e+00 3.225636291503906250e+01 4.263586044311523438e+01 1.201167106628417969e+00 3.225636291503906250e+01 4.263586044311523438e+01
4.280000000000000000e+04 1.369996905326843262e+00 3.080994796752929688e+01 4.344400024414062500e+01 1.369996905326843262e+00 3.080994796752929688e+01 4.344400024414062500e+01
4.290000000000000000e+04 4.382046699523925781e+00 2.979895782470703125e+01 4.389947509765625000e+01 4.382046699523925781e+00 2.979895782470703125e+01 4.389947509765625000e+01
4.300000000000000000e+04 1.120656132698059082e+00 3.343522644042968750e+01 4.177297592163085938e+01 1.120656132698059082e+00 3.343522644042968750e+01 4.177297592163085938e+01
4.310000000000000000e+04 1.260153055191040039e+00 3.155823516845703125e+01 4.293839645385742188e+01 1.260153055191040039e+00 3.155823516845703125e+01 4.293839645385742188e+01
4.320000000000000000e+04 1.428987979888916016e+00 3.034630393981933594e+01 4.354630661010742188e+01 1.428987979888916016e+00 3.034630393981933594e+01 4.354630661010742188e+01
4.330000000000000000e+04 9.571517944335937500e+00 3.397085189819335938e+01 4.093640899658203125e+01 9.571517944335937500e+00 3.397085189819335938e+01 4.093640899658203125e+01
4.340000000000000000e+04 1.271579027175903320e+00 3.168211364746093750e+01 4.263761901855468750e+01 1.271579027175903320e+00 3.168211364746093750e+01 4.263761901855468750e+01
4.350000000000000000e+04 1.446129918098449707e+00 3.035347557067871094e+01 4.334347915649414062e+01 1.446129918098449707e+00 3.035347557067871094e+01 4.334347915649414062e+01
4.360000000000000000e+04 1.170609354972839355e+00 3.368801116943359375e+01 4.107614135742187500e+01 1.170609354972839355e+00 3.368801116943359375e+01 4.107614135742187500e+01
4.370000000000000000e+04 1.291859388351440430e+00 3.151812171936035156e+01 4.259357070922851562e+01 1.291859388351440430e+00 3.151812171936035156e+01 4.259357070922851562e+01
4.380000000000000000e+04 1.468959331512451172e+00 3.022026443481445312e+01 4.326834869384765625e+01 1.468959331512451172e+00 3.022026443481445312e+01 4.326834869384765625e+01
4.390000000000000000e+04 3.715250015258789062e+00 3.413700103759765625e+01 4.082789993286132812e+01 3.715250015258789062e+00 3.413700103759765625e+01 4.082789993286132812e+01
4.400000000000000000e+04 1.218645095825195312e+00 3.199284934997558594e+01 4.225894927978515625e+01 1.218645095825195312e+00 3.199284934997558594e+01 4.225894927978515625e+01
4.410000000000000000e+04 1.391956925392150879e+00 3.054489707946777344e+01 4.305691909790039062e+01 1.391956925392150879e+00 3.054489707946777344e+01 4.305691909790039062e+01
4.420000000000000000e+04 1.426987304687500000e+02 2.969147300720214844e+01 4.332329940795898438e+01 1.426987304687500000e+02 2.969147300720214844e+01 4.332329940795898438e+01
4.430000000000000000e+04 1.182203173637390137e+00 3.243408203125000000e+01 4.183981704711914062e+01 1.182203173637390137e+00 3.243408203125000000e+01 4.183981704711914062e+01
4.440000000000000000e+04 1.356170654296875000e+00 3.080000877380371094e+01 4.278389358520507812e+01 1.356170654296875000e+00 3.080000877380371094e+01 4.278389358520507812e+01
4.450000000000000000e+04 1.536077737808227539e+00 2.971454238891601562e+01 4.327212905883789062e+01 1.536077737808227539e+00 2.971454238891601562e+01 4.327212905883789062e+01
4.460000000000000000e+04 1.218020677566528320e+00 3.246810531616210938e+01 4.160523223876953125e+01 1.218020677566528320e+00 3.246810531616210938e+01 4.160523223876953125e+01
4.470000000000000000e+04 1.377405643463134766e+00 3.070161819458007812e+01 4.267516708374023438e+01 1.377405643463134766e+00 3.070161819458007812e+01 4.267516708374023438e+01
4.480000000000000000e+04 3.847398996353149414e+00 2.964577865600585938e+01 4.311855697631835938e+01 3.847398996353149414e+00 2.964577865600585938e+01 4.311855697631835938e+01
4.490000000000000000e+04 1.235377550125122070e+00 3.200123214721679688e+01 4.179768753051757812e+01 1.235377550125122070e+00 3.200123214721679688e+01 4.179768753051757812e+01
4.500000000000000000e+04 1.416267752647399902e+00 3.042947959899902344e+01 4.268511581420898438e+01 1.416267752647399902e+00 3.042947959899902344e+01 4.268511581420898438e+01
4.510000000000000000e+04 1.806385231018066406e+01 2.663076210021972656e+01 4.728082656860351562e+01 1.806385231018066406e+01 2.663076210021972656e+01 4.728082656860351562e+01
4.520000000000000000e+04 1.227990150451660156e+00 3.196500587463378906e+01 4.172672271728515625e+01 1.227990150451660156e+00 3.196500587463378906e+01 4.172672271728515625e+01
4.530000000000000000e+04 1.408672809600830078e+00 3.038197326660156250e+01 4.262425613403320312e+01 1.408672809600830078e+00 3.038197326660156250e+01 4.262425613403320312e+01
4.540000000000000000e+04 1.136239528656005859e+01 2.924951171875000000e+01 4.318478393554687500e+01 1.136239528656005859e+01 2.924951171875000000e+01 4.318478393554687500e+01
4.550000000000000000e+04 1.134905219078063965e+00 3.293267822265625000e+01 4.111305999755859375e+01 1.134905219078063965e+00 3.293267822265625000e+01 4.111305999755859375e+01
4.560000000000000000e+04 1.285254240036010742e+00 3.105949211120605469e+01 4.223900222778320312e+01 1.285254240036010742e+00 3.105949211120605469e+01 4.223900222778320312e+01
4.570000000000000000e+04 1.463460326194763184e+00 2.982268714904785156e+01 4.284454345703125000e+01 1.463460326194763184e+00 2.982268714904785156e+01 4.284454345703125000e+01
4.580000000000000000e+04 2.210260391235351562e+00 3.197755813598632812e+01 4.200106048583984375e+01 2.210260391235351562e+00 3.197755813598632812e+01 4.200106048583984375e+01
4.590000000000000000e+04 1.165073394775390625e+00 3.222006607055664062e+01 4.142713928222656250e+01 1.165073394775390625e+00 3.222006607055664062e+01 4.142713928222656250e+01
4.600000000000000000e+04 1.337373614311218262e+00 3.055699920654296875e+01 4.239028549194335938e+01 1.337373614311218262e+00 3.055699920654296875e+01 4.239028549194335938e+01
4.610000000000000000e+04 1.515761971473693848e+00 2.946778678894042969e+01 4.286969757080078125e+01 1.515761971473693848e+00 2.946778678894042969e+01 4.286969757080078125e+01
4.620000000000000000e+04 1.222110271453857422e+00 3.240039443969726562e+01 4.120864486694335938e+01 1.222110271453857422e+00 3.240039443969726562e+01 4.120864486694335938e+01
4.630000000000000000e+04 1.319410562515258789e+00 3.084515953063964844e+01 4.202973556518554688e+01 1.319410562515258789e+00 3.084515953063964844e+01 4.202973556518554688e+01
4.640000000000000000e+04 1.502198696136474609e+00 2.959654426574707031e+01 4.264400863647460938e+01 1.502198696136474609e+00 2.959654426574707031e+01 4.264400863647460938e+01
4.650000000000000000e+04 3.126677036285400391e+00 3.293126296997070312e+01 4.066379165649414062e+01 3.126677036285400391e+00 3.293126296997070312e+01 4.066379165649414062e+01
4.660000000000000000e+04 1.282238125801086426e+00 3.111051559448242188e+01 4.176673126220703125e+01 1.282238125801086426e+00 3.111051559448242188e+01 4.176673126220703125e+01
4.670000000000000000e+04 1.465119481086730957e+00 2.975426292419433594e+01 4.246789169311523438e+01 1.465119481086730957e+00 2.975426292419433594e+01 4.246789169311523438e+01
4.680000000000000000e+04 3.462841415405273438e+01 3.120468139648437500e+01 4.229795455932617188e+01 3.462841415405273438e+01 3.120468139648437500e+01 4.229795455932617188e+01
4.690000000000000000e+04 1.179669380187988281e+00 3.197360229492187500e+01 4.118603897094726562e+01 1.179669380187988281e+00 3.197360229492187500e+01 4.118603897094726562e+01
4.700000000000000000e+04 1.354923725128173828e+00 3.031750488281250000e+01 4.213485336303710938e+01 1.354923725128173828e+00 3.031750488281250000e+01 4.213485336303710938e+01
4.710000000000000000e+04 1.536616325378417969e+00 2.923505592346191406e+01 4.260032653808593750e+01 1.536616325378417969e+00 2.923505592346191406e+01 4.260032653808593750e+01
4.720000000000000000e+04 1.220090627670288086e+00 3.260459518432617188e+01 4.071262741088867188e+01 1.220090627670288086e+00 3.260459518432617188e+01 4.071262741088867188e+01
4.730000000000000000e+04 1.286981225013732910e+00 3.087489700317382812e+01 4.168408584594726562e+01 1.286981225013732910e+00 3.087489700317382812e+01 4.168408584594726562e+01
4.740000000000000000e+04 1.469526529312133789e+00 2.956724166870117188e+01 4.234054183959960938e+01 1.469526529312133789e+00 2.956724166870117188e+01 4.234054183959960938e+01
4.750000000000000000e+04 1.885255098342895508e+00 3.177081108093261719e+01 4.133578109741210938e+01 1.885255098342895508e+00 3.177081108093261719e+01 4.133578109741210938e+01
4.760000000000000000e+04 1.201198816299438477e+00 3.165010833740234375e+01 4.111661911010742188e+01 1.201198816299438477e+00 3.165010833740234375e+01 4.111661911010742188e+01
4.770000000000000000e+04 1.379875540733337402e+00 3.005041694641113281e+01 4.201620101928710938e+01 1.379875540733337402e+00 3.005041694641113281e+01 4.201620101928710938e+01
4.780000000000000000e+04 1.563659906387329102e+00 2.900684928894042969e+01 4.244390106201171875e+01 1.563659906387329102e+00 2.900684928894042969e+01 4.244390106201171875e+01
4.790000000000000000e+04 1.178822875022888184e+00 3.225153350830078125e+01 4.052632522583007812e+01 1.178822875022888184e+00 3.225153350830078125e+01 4.052632522583007812e+01
4.800000000000000000e+04 1.348067998886108398e+00 3.032256126403808594e+01 4.171748733520507812e+01 1.348067998886108398e+00 3.032256126403808594e+01 4.171748733520507812e+01
4.810000000000000000e+04 1.534341931343078613e+00 2.914685058593750000e+01 4.225639343261718750e+01 1.534341931343078613e+00 2.914685058593750000e+01 4.225639343261718750e+01
4.820000000000000000e+04 1.373883008956909180e+00 3.244491577148437500e+01 4.047119522094726562e+01 1.373883008956909180e+00 3.244491577148437500e+01 4.047119522094726562e+01
4.830000000000000000e+04 1.283463716506958008e+00 3.075856399536132812e+01 4.138177871704101562e+01 1.283463716506958008e+00 3.075856399536132812e+01 4.138177871704101562e+01
4.840000000000000000e+04 1.467994213104248047e+00 2.942080116271972656e+01 4.205660247802734375e+01 1.467994213104248047e+00 2.942080116271972656e+01 4.205660247802734375e+01
4.850000000000000000e+04 1.156816787719726562e+02 2.604048156738281250e+01 4.691493606567382812e+01 1.156816787719726562e+02 2.604048156738281250e+01 4.691493606567382812e+01
4.860000000000000000e+04 1.107345938682556152e+00 3.231430435180664062e+01 4.044560623168945312e+01 1.107345938682556152e+00 3.231430435180664062e+01 4.044560623168945312e+01
4.870000000000000000e+04 1.274382948875427246e+00 3.048780250549316406e+01 4.152188110351562500e+01 1.274382948875427246e+00 3.048780250549316406e+01 4.152188110351562500e+01
4.880000000000000000e+04 1.452503442764282227e+00 2.928042221069335938e+01 4.208850479125976562e+01 1.452503442764282227e+00 2.928042221069335938e+01 4.208850479125976562e+01
4.890000000000000000e+04 5.518261337280273438e+01 2.565413284301757812e+01 4.677685546875000000e+01 5.518261337280273438e+01 2.565413284301757812e+01 4.677685546875000000e+01
4.900000000000000000e+04 1.228655815124511719e+00 3.121199798583984375e+01 4.085783386230468750e+01 1.228655815124511719e+00 3.121199798583984375e+01 4.085783386230468750e+01
4.910000000000000000e+04 1.407974600791931152e+00 2.966316604614257812e+01 4.171221160888671875e+01 1.407974600791931152e+00 2.966316604614257812e+01 4.171221160888671875e+01
4.920000000000000000e+04 1.610009908676147461e+00 2.866090393066406250e+01 4.209961318969726562e+01 1.610009908676147461e+00 2.866090393066406250e+01 4.209961318969726562e+01
4.930000000000000000e+04 1.138432502746582031e+00 3.220882797241210938e+01 4.015152740478515625e+01 1.138432502746582031e+00 3.220882797241210938e+01 4.015152740478515625e+01
4.940000000000000000e+04 1.305600285530090332e+00 3.028966522216796875e+01 4.130915069580078125e+01 1.305600285530090332e+00 3.028966522216796875e+01 4.130915069580078125e+01
4.950000000000000000e+04 1.488245606422424316e+00 2.906983947753906250e+01 4.188443756103515625e+01 1.488245606422424316e+00 2.906983947753906250e+01 4.188443756103515625e+01
4.960000000000000000e+04 3.309886217117309570e+00 3.321428680419921875e+01 3.898434066772460938e+01 3.309886217117309570e+00 3.321428680419921875e+01 3.898434066772460938e+01
4.970000000000000000e+04 1.283965945243835449e+00 3.058624839782714844e+01 4.096221542358398438e+01 1.283965945243835449e+00 3.058624839782714844e+01 4.096221542358398438e+01
4.980000000000000000e+04 1.469740867614746094e+00 2.920909309387207031e+01 4.166876220703125000e+01 1.469740867614746094e+00 2.920909309387207031e+01 4.166876220703125000e+01
4.990000000000000000e+04 3.260284042358398438e+01 2.745710563659667969e+01 4.481839370727539062e+01 3.260284042358398438e+01 2.745710563659667969e+01 4.481839370727539062e+01
5.000000000000000000e+04 1.134447693824768066e+00 3.182501029968261719e+01 4.022116088867187500e+01 1.134447693824768066e+00 3.182501029968261719e+01 4.022116088867187500e+01
